microRNA ID	P-value (EV CL1-5 vs. CE CL1-5)	FDR step up (EV CL1-5 vs. CE CL1-5)	Ratio (EV CL1-5 vs. CE CL1-5)	Log2(Ratio) (EV CL1-5 vs. CE CL1-5)	Fold change (EV CL1-5 vs. CE CL1-5)	LSMean(EV CL1-5) (EV CL1-5 vs. CE CL1-5)	LSMean(CE CL1-5) (EV CL1-5 vs. CE CL1-5)
hsa-miR-379-3p	1.4714286285600474E-9	3.3706452424407564E-7	2.0062960201901287E-4	-12.283177894560058E0	-4984.309343868578E0	0.010000000000005116E0	49.843093510375475E0
hsa-miR-4798-5p	1.5135387982021527E-9	3.3706452424407564E-7	4.602595476744241E-4	-11.085264730240048E0	-2172.687139360278E0	0.00999999999999801E0	21.726871421790722E0
hsa-miR-412-5p	2.1001876494108568E-9	3.3706452424407564E-7	2.03636845878901E-4	-12.261713754494618E0	-4910.702656407678E0	0.010000000000005116E0	49.10702663458441E0
hsa-miR-127-5p	2.6941063647092164E-9	3.3706452424407564E-7	2.087559431305999E-4	-12.225895108894528E0	-4790.282781910499E0	0.010000000000005116E0	47.90282788768278E0
hsa-miR-380-3p	3.0771568017574775E-9	3.3706452424407564E-7	4.763990818456418E-4	-11.035541746821847E0	-2099.0804518888854E0	0.00999999999999801E0	20.990804545999655E0
hsa-miR-154-3p	3.3372725172680756E-9	3.3706452424407564E-7	4.3910575641844504E-4	-11.153143932076777E0	-2277.3557061890388E0	0.00999999999999801E0	22.773557091617217E0
hsa-miR-410-3p	6.645501287984196E-9	5.753105400740604E-7	0.0017276787572622397E0	-9.176949295395202E0	-578.8113072505716E0	0.009999999999999787E0	5.788113078723179E0
hsa-miR-1262	3.400823719520761E-8	2.5761239675369765E-6	7.928383349540427E-4	-10.30068565881237E0	-1261.2911812065263E0	0.009999999999999787E0	12.612911827272852E0
hsa-miR-376a-5p	7.087977300949363E-8	4.772571382639238E-6	8.231003236402642E-4	-10.246644095199839E0	-1214.9187301705517E0	0.009999999999999787E0	12.149187316277137E0
hsa-miR-548a-5p	1.8588974689868098E-7	1.0782177531262861E-5	8.179463876266321E-4	-10.255706094866493E0	-1222.5740160080882E0	0.009999999999999787E0	12.225740174757282E0
hsa-miR-491-3p	1.957160938018011E-7	1.0782177531262861E-5	7.362119670688837E-4	-10.407591178739983E0	-1358.3044622071934E0	0.009999999999999787E0	13.5830446386192E0
hsa-miR-548n	2.6669272275698915E-7	1.205457240245852E-5	3.550569170291877E-4	-11.459662066667885E0	-2816.4498480050574E0	0.00999999999999801E0	28.164498517824835E0
hsa-miR-22-5p	2.708421531847701E-7	1.205457240245852E-5	2.0840372152715802E-4	-12.228331339069127E0	-4798.378803757041E0	0.010000000000005116E0	47.98378810627777E0
hsa-miR-98-3p	2.8339128929027905E-7	1.205457240245852E-5	2.3871676097236057E-4	-12.032412513914098E0	-4189.06488143823E0	0.010000000000005116E0	41.89064887340431E0
hsa-miR-4677-3p	3.3412809797214715E-7	1.205457240245852E-5	0.0011346435180294432E0	-9.783545181465826E0	-881.3340790389557E0	0.009999999999999787E0	8.813340800482445E0
hsa-miR-496	3.519475030046098E-7	1.205457240245852E-5	3.4791016289149125E-4	-11.488997557047506E0	-2874.3052277891843E0	0.00999999999999801E0	28.74305231654076E0
hsa-miR-182-3p	3.5806457009260317E-7	1.205457240245852E-5	6.871351666451691E-4	-10.507118459446776E0	-1455.3177432066896E0	0.009999999999999787E0	14.553177449965558E0
hsa-miR-3143	3.7833128077536254E-7	1.205457240245852E-5	0.002109069515994533E0	-8.889177636790915E0	-474.1427403963256E0	0.009999999999999787E0	4.741427408896682E0
hsa-miR-744-3p	3.846354902875324E-7	1.205457240245852E-5	6.540545627579435E-4	-10.578301385818728E0	-1528.9244306825303E0	0.009999999999999787E0	15.289244325756632E0
hsa-miR-196a-3p	4.5709158888561997E-7	1.205457240245852E-5	0.003253615260751091E0	-8.263740621919343E0	-307.3504148026254E0	0.010000000000000231E0	3.073504150999339E0
hsa-miR-1286	4.688938826215259E-7	1.205457240245852E-5	0.007313660031548835E0	-7.0951907187153616E0	-136.73044627263417E0	0.010000000000000009E0	1.3673044638619183E0
hsa-miR-1284	4.833031793928078E-7	1.205457240245852E-5	0.0020921798398113203E0	-8.900777416417318E0	-477.9703833157016E0	0.009999999999999787E0	4.779703838136758E0
hsa-miR-580-3p	4.958881607819556E-7	1.205457240245852E-5	5.65187786074283E-4	-10.788982090736157E0	-1769.3234437103872E0	0.00999999999999801E0	17.693234459445037E0
hsa-miR-570-3p	5.165615837963983E-7	1.205457240245852E-5	9.168665940135045E-4	-10.091000545572554E0	-1090.6712127252736E0	0.009999999999999787E0	10.906712140135435E0
hsa-miR-450a-1-3p	5.241750019392748E-7	1.205457240245852E-5	4.2955390374165275E-4	-11.184873196308684E0	-2327.9965361493523E0	0.00999999999999801E0	23.279965391967853E0
hsa-miR-545-5p	5.261073584128032E-7	1.205457240245852E-5	2.936215920544734E-4	-11.733754315985092E0	-3405.7440837473473E0	0.010000000000005116E0	34.05744088426824E0
hsa-miR-1277-3p	5.649193571014149E-7	1.205457240245852E-5	2.6715421400778E-4	-11.870039605584802E0	-3743.1563777275032E0	0.010000000000005116E0	37.431563829302995E0
hsa-miR-7974	5.749576587205553E-7	1.205457240245852E-5	1.3323860173208353E-4	-12.873700260658516E0	-7505.332441200503E0	0.009999999999990905E0	75.05332452503602E0
hsa-miR-1247-3p	5.768689763552757E-7	1.205457240245852E-5	0.0022765911751336824E0	-8.778909045696276E0	-439.2532181107482E0	0.009999999999999787E0	4.392532185621186E0
hsa-miR-3662	6.552923481843995E-7	1.2860765762869875E-5	2.6911220471716787E-4	-11.859504558301117E0	-3715.922141290404E0	0.010000000000005116E0	37.15922146450764E0
hsa-miR-556-3p	6.578939581666107E-7	1.2860765762869875E-5	0.003253615260751097E0	-8.26374062191934E0	-307.3504148026248E0	0.010000000000000231E0	3.0735041509993355E0
hsa-miR-579-3p	7.130003688027555E-7	1.3502444484202183E-5	5.02365073946752E-4	-10.958976212683234E0	-1990.5842421401983E0	0.00999999999999801E0	19.905842446933093E0
hsa-miR-1278	7.628493485056026E-7	1.3679860565754171E-5	0.0020921798398113203E0	-8.900777416417318E0	-477.9703833157016E0	0.009999999999999787E0	4.779703838136756E0
hsa-miR-652-5p	7.675169294317521E-7	1.3679860565754171E-5	0.0010471853700867028E0	-9.899267437586003E0	-954.9407665208348E0	0.009999999999999787E0	9.549407676273523E0
hsa-miR-4467	8.857112071316099E-7	1.4734259082002486E-5	0.002954975387199809E0	-8.402638170811786E0	-338.4122941706188E0	0.010000000000000231E0	3.384122945034765E0
hsa-miR-582-5p	8.923448142566616E-7	1.4734259082002486E-5	3.043431336878159E-4	-11.682013562136158E0	-3285.7649452534174E0	0.010000000000005116E0	32.857649497481425E0
hsa-miR-411-3p	8.996164786041121E-7	1.4734259082002486E-5	8.339119135909185E-4	-10.227817380216639E0	-1199.1674224845733E0	0.009999999999999787E0	11.991674239202002E0
hsa-miR-12135	1.0443793631679873E-6	1.6434597518568155E-5	3.146906900268306E-5	-14.95570597661014E0	-31777.23497046385E0	0.009999999999990905E0	317.77235026065E0
hsa-miR-33a-3p	1.0778935798661306E-6	1.6434597518568155E-5	2.9666067810497394E-4	-11.718898666962778E0	-3370.854561473591E0	0.010000000000005116E0	33.708545660992705E0
hsa-miR-1185-5p	1.0847919154170398E-6	1.6434597518568155E-5	0.0017163287825308195E0	-9.186458340512345E0	-582.6389501698188E0	0.009999999999999787E0	5.826389507963252E0
hsa-miR-101-2-5p	1.1929855452084347E-6	1.7632908302349058E-5	0.0018256522948099589E0	-9.097372262121784E0	-547.7494278854972E0	0.009999999999999787E0	5.477494284687754E0
hsa-miR-573	1.2610249514584638E-6	1.8194788585329265E-5	0.0014631008723035859E0	-9.416755046316666E0	-683.4798741016027E0	0.009999999999999787E0	6.834798748549671E0
hsa-miR-1294	1.3074095677201077E-6	1.8425353442753144E-5	0.0022569243854834464E0	-8.791426200432493E0	-443.0808610301732E0	0.009999999999999787E0	4.4308086148612595E0
hsa-miR-3065-3p	1.3942235682793585E-6	1.893467192790839E-5	0.001399498343028908E0	-9.480874505865152E0	-714.5417534655445E0	0.009999999999999787E0	7.145417542585099E0
hsa-miR-4497	1.4060399946466624E-6	1.893467192790839E-5	953612.3918582434E0	19.86304345767426E0	953612.3918582434E0	9536.123932289496E0	0.009999999991123332E0
hsa-miR-499a-5p	1.6001236859451515E-6	2.1079890297451344E-5	0.0010221318529992855E0	-9.934202971558346E0	-978.3473600452397E0	0.009999999999999787E0	9.783473611828795E0
hsa-miR-4791	1.7451724241747911E-6	2.250158487340263E-5	0.002678797573205499E0	-8.544198718474885E0	-373.3018164576659E0	0.010000000000000231E0	3.733018168310262E0
hsa-miR-3689a-3p	1.859670165815061E-6	2.347833584341515E-5	0.0016193585309944316E0	-9.270361846505876E0	-617.5284724537871E0	0.009999999999999787E0	6.175284731238749E0
hsa-miR-544b	2.466410877647031E-6	3.0502959017430624E-5	0.0012812412171081037E0	-9.608242169665868E0	-780.4931551118104E0	0.009999999999999787E0	7.804931559896023E0
hsa-miR-10523-5p	2.5522327647413336E-6	3.093306110866496E-5	0.0015602204545809276E0	-9.324034392587441E0	-640.9350659798895E0	0.009999999999999787E0	6.409350666794031E0
hsa-miR-3131	2.6738371764085552E-6	3.1315208071502716E-5	0.005826827777464983E0	-7.423073614833052E0	-171.61996856462088E0	0.010000000000000009E0	1.7161996871374183E0
hsa-miR-3912-3p	2.7438815546448287E-6	3.1315208071502716E-5	0.0015509581838371125E0	-9.332624494989622E0	-644.762708899071E0	0.009999999999999787E0	6.447627096034103E0
hsa-miR-545-3p	2.788228512883754E-6	3.1315208071502716E-5	9.575803751633989E-4	-10.028318793835039E0	-1044.2987616881378E0	0.009999999999999787E0	10.442987629139717E0
hsa-miR-183-3p	2.79046408557945E-6	3.1315208071502716E-5	0.0011006327019766236E0	-9.827451184919424E0	-908.5683154826332E0	0.009999999999999787E0	9.085683165277795E0
hsa-miR-6505-5p	2.9298509276963175E-6	3.203550792190424E-5	0.0024730212190797575E0	-8.659509666232333E0	-404.36369582470167E0	0.009999999999999787E0	4.043636962345689E0
hsa-miR-1277-5p	2.96037696968092E-6	3.203550792190424E-5	8.365822146095142E-4	-10.223205052338958E0	-1195.3397795657934E0	0.009999999999999787E0	11.953397809961926E0
hsa-miR-188-3p	3.2122769351190933E-6	3.4151575836529303E-5	7.320859940650019E-4	-10.415699255733667E0	-1365.9597480445857E0	0.009999999999999787E0	13.659597497099346E0
hsa-miR-450a-5p	3.47085354272154E-6	3.625301898142549E-5	0.0018384996292474714E0	-9.087255399055275E0	-543.92178496621E0	0.009999999999999787E0	5.439217855447682E0
hsa-miR-6844	3.5295843562773987E-6	3.625301898142549E-5	0.0024730212190797575E0	-8.659509666232333E0	-404.36369582470167E0	0.009999999999999787E0	4.043636962345688E0
hsa-miR-153-3p	3.7075440681446858E-6	3.744619508826133E-5	8.501944137643796E-4	-10.199919599825366E0	-1176.2015649718642E0	0.009999999999999787E0	11.762015663761565E0
hsa-miR-3684	3.982663929858253E-6	3.956548100810002E-5	0.002678797573205499E0	-8.544198718474885E0	-373.3018164576659E0	0.010000000000000231E0	3.733018168310263E0
hsa-miR-551b-3p	4.574355750278739E-6	4.4177387302741E-5	8.674569414054197E-4	-10.17092023219008E0	-1152.7949714481956E0	0.009999999999999787E0	11.527949728206288E0
hsa-miR-450a-2-3p	4.592698679987926E-6	4.4177387302741E-5	8.761845688068873E-4	-10.15647757313079E0	-1141.3120426917742E0	0.009999999999999787E0	11.413120440486068E0
hsa-miR-5000-3p	5.142314999472131E-6	4.8105099121392634E-5	0.0011655996769945277E0	-9.744711901939798E0	-857.9274855141323E0	0.009999999999999787E0	8.579274864927163E0
hsa-miR-1226-5p	5.2241014957788406E-6	4.8105099121392634E-5	15811.172027582994E0	13.948656693210992E0	15811.172027582994E0	158.11172053564007E0	0.010000000000104592E0
hsa-miR-3688-3p	5.239169211240782E-6	4.8105099121392634E-5	0.003670251502047259E0	-8.089905358289966E0	-272.4608925143691E0	0.010000000000000231E0	2.724608927723841E0
hsa-miR-338-3p	5.940091740179708E-6	5.3726799918640346E-5	0.005826827777465014E0	-7.4230736148330445E0	-171.61996856461994E0	0.010000000000000009E0	1.7161996871374094E0
hsa-miR-3140-3p	6.308566745289615E-6	5.62204624653751E-5	0.00212623410425182E0	-8.877483834336175E0	-470.3150974769452E0	0.009999999999999787E0	4.703150979656613E0
hsa-miR-664a-3p	6.68788931449839E-6	5.8737114849072815E-5	0.00981923534202175E0	-6.670173603424141E0	-101.8409239791276E0	0.010000000000000009E0	1.0184092405864218E0
hsa-miR-548l	7.3392797873805395E-6	6.353719358789438E-5	0.002678797573205499E0	-8.544198718474885E0	-373.3018164576659E0	0.010000000000000231E0	3.733018168310263E0
hsa-miR-3940-3p	7.500757015015473E-6	6.385991889449444E-5	0.004842392453043363E0	-7.690064276966025E0	-206.50949085539662E0	0.010000000000000231E0	2.065094910412917E0
hsa-miR-26b-3p	7.587317096375577E-6	6.385991889449444E-5	9.944493848058323E-4	-9.973814436492363E0	-1005.5815964884442E0	0.009999999999999787E0	10.055815976624144E0
hsa-miR-3611	7.74616202520945E-6	6.430375599009489E-5	0.0014881020024396904E0	-9.392310864822141E0	-671.9969453441602E0	0.009999999999999787E0	6.71996946082945E0
hsa-miR-548e-3p	7.973750369655417E-6	6.529855032447544E-5	6.210461084001046E-4	-10.653011996947857E0	-1610.1864039952359E0	0.00999999999999801E0	16.10186406002784E0
hsa-miR-19a-5p	8.612770920616512E-6	6.884374137154378E-5	0.00212623410425182E0	-8.877483834336175E0	-470.3150974769452E0	0.009999999999999787E0	4.703150979656613E0
hsa-miR-1257	8.698127519538708E-6	6.884374137154378E-5	0.002237594476637644E0	-8.803835686933644E0	-446.90850394959205E0	0.009999999999999787E0	4.46908504410133E0
hsa-miR-2278	8.747472088463483E-6	6.884374137154378E-5	0.004842392453043359E0	-7.690064276966027E0	-206.5094908553968E0	0.010000000000000231E0	2.0650949104129186E0
hsa-miR-147b-3p	9.916616929288137E-6	7.704448537370014E-5	7.714973670804794E-4	-10.340051146287356E0	-1296.1807034860356E0	0.009999999999999787E0	12.961807050548348E0
hsa-miR-6126	1.0118739846869834E-5	7.761970059750784E-5	655719.6574828165E0	19.322719619760672E0	655719.6574828165E0	6557.19659218788E0	0.010000000003856258E0
hsa-miR-190a-3p	1.0555614666548127E-5	7.995878109910206E-5	0.0010642484729482752E0	-9.875949264612029E0	-939.6301948451113E0	0.009999999999999787E0	9.396301959313227E0
hsa-miR-5009-5p	1.1013712138930878E-5	8.239888340977916E-5	0.0032946457156947523E0	-8.245660948925183E0	-303.5227718829631E0	0.010000000000000231E0	3.0352277217592682E0
hsa-miR-3115	1.158922784010895E-5	8.564722037934176E-5	0.001334345165941271E0	-9.549652376176077E0	-749.4312757483422E0	0.009999999999999787E0	7.494312765860597E0
hsa-miR-4766-3p	1.2896422964076611E-5	9.415942549675212E-5	0.0013208529258589225E0	-9.564314450133823E0	-757.0865615865001E0	0.009999999999999787E0	7.570865624340742E0
hsa-miR-4746-5p	1.3845806454427796E-5	9.988760370694339E-5	0.0026787975732054966E0	-8.544198718474886E0	-373.30181645766623E0	0.010000000000000231E0	3.733018168310265E0
hsa-miR-576-3p	1.609236161917377E-5	1.1472907224963888E-4	0.0024270726459305254E0	-8.686566993496816E0	-412.0189816636518E0	0.009999999999999787E0	4.120189820825832E0
hsa-miR-101-5p	1.7601260859018597E-5	1.226111409103237E-4	0.004142519006068203E0	-7.915275968048808E0	-241.3990131451761E0	0.010000000000000231E0	2.4139901336884146E0
hsa-miR-3163	1.7616329139134745E-5	1.226111409103237E-4	0.0022765911751336824E0	-8.778909045696276E0	-439.2532181107482E0	0.009999999999999787E0	4.392532185621186E0
hsa-miR-181b-2-3p	1.7804918151994203E-5	1.226111409103237E-4	0.0021262341042518297E0	-8.877483834336168E0	-470.3150974769431E0	0.009999999999999787E0	4.70315097965659E0
hsa-miR-4458	2.2950930367542178E-5	1.5627262699697257E-4	0.0024730212190797575E0	-8.659509666232333E0	-404.36369582470167E0	0.009999999999999787E0	4.043636962345689E0
hsa-miR-192-3p	2.774270918272351E-5	1.8680090849700493E-4	0.004142519006068185E0	-7.915275968048815E0	-241.39901314517715E0	0.010000000000000231E0	2.4139901336884275E0
hsa-miR-488-3p	2.9358998807742385E-5	1.955115744779328E-4	0.0049338409442485145E0	-7.663073077463984E0	-202.68184793547545E0	0.010000000000000231E0	2.026818481172845E0
hsa-miR-137-3p	3.034306290971392E-5	1.9986843612268082E-4	1.2860228071150272E-4	-12.924796151020464E0	-7775.911861495904E0	0.009999999999990905E0	77.75911873253015E0
hsa-miR-624-3p	3.3302024858656604E-5	2.1700029101447206E-4	0.002706549122023542E0	-8.52932971243933E0	-369.4741735381302E0	0.010000000000000231E0	3.694741739070192E0
hsa-miR-548u	3.491064104968106E-5	2.2397769659342684E-4	0.001073497923091156E0	-9.863464884661477E0	-931.5341729963321E0	0.009999999999999787E0	9.315341740718235E0
hsa-miR-25-5p	3.5112015142533906E-5	2.2397769659342684E-4	115.3533874875336E0	6.8499165608498656E0	115.3533874875336E0	9812.058821237748E0	85.06086407242037E0
hsa-miR-4508	3.7121682645492975E-5	2.329788685885322E-4	479.4841204637219E0	8.90533922669156E0	479.4841204637219E0	971.8272777981072E0	2.02681848117345E0
hsa-miR-29b-2-5p	3.729199711730631E-5	2.329788685885322E-4	0.003619404614197304E0	-8.110031888676762E0	-276.2885354341009E0	0.010000000000000231E0	2.7628853569639134E0
hsa-miR-597-5p	4.828860584449137E-5	2.986009708343038E-4	0.004142519006068203E0	-7.915275968048808E0	-241.3990131451761E0	0.010000000000000231E0	2.4139901336884146E0
hsa-miR-548o-3p	4.959837184874557E-5	3.036021549529274E-4	0.0018384996292474714E0	-9.087255399055275E0	-543.92178496621E0	0.009999999999999787E0	5.439217855447681E0
hsa-miR-10b-3p	5.2067417150787296E-5	3.15528547933771E-4	0.0021262341042518106E0	-8.87748383433618E0	-470.3150974769473E0	0.009999999999999787E0	4.703150979656632E0
hsa-miR-643	5.321491643751004E-5	3.192894986250603E-4	0.0022966037297203275E0	-8.766282338040543E0	-435.4255751913181E0	0.009999999999999787E0	4.354255756381116E0
hsa-miR-200c-5p	6.042895058904239E-5	3.590190593819577E-4	0.001994507219491942E0	-8.969751939123011E0	-501.3769768427956E0	0.009999999999999787E0	5.013769773692038E0
hsa-miR-5187-5p	6.468016719437289E-5	3.8054544970669873E-4	0.004842392453043363E0	-7.690064276966025E0	-206.50949085539662E0	0.010000000000000231E0	2.0650949104129173E0
hsa-miR-320a-3p	8.720362829361012E-5	5.08128834095459E-4	17.53813669363301E0	4.132423574388895E0	17.53813669363301E0	7340.58612648795E0	418.5499435411566E0
hsa-miR-487a-5p	1.0142389943036117E-4	5.771073058141825E-4	0.0026249674673898713E0	-8.57348474185519E0	-380.957102296718E0	0.010000000000000231E0	3.8095710267904077E0
hsa-miR-5583-3p	1.0159378144997367E-4	5.771073058141825E-4	0.0037225473820125202E0	-8.069494072561374E0	-268.6332495946284E0	0.010000000000000231E0	2.6863324984837678E0
hsa-miR-1305	1.0189848468996291E-4	5.771073058141825E-4	0.0012626643914735358E0	-9.6293130541647E0	-791.9760838689645E0	0.009999999999999787E0	7.919760847616239E0
hsa-miR-3909	1.056079263411862E-4	5.925778089144338E-4	0.002678797573205499E0	-8.544198718474885E0	-373.3018164576659E0	0.010000000000000231E0	3.7330181683102626E0
hsa-let-7c-5p	1.0823321414016496E-4	6.017369520086236E-4	8.020714543555254E0	3.003730768166938E0	8.020714543555254E0	1077.9195215588106E0	134.3919566425584E0
hsa-miR-30c-2-3p	1.3196022889126822E-4	7.269808973464413E-4	0.0011976598282668163E0	-9.705566087521918E0	-834.9616280001158E0	0.009999999999999787E0	8.34961628948678E0
hsa-miR-29c-3p	1.567458925397329E-4	8.557478457574606E-4	0.19998027171887617E0	-2.32207041137334E0	-5.00049325568353E0	1113.7665985406265E0	5569.382365921791E0
hsa-miR-99b-5p	1.8264206039886874E-4	9.882240053724505E-4	2.9297969409793034E0	1.5508006774823586E0	2.9297969409793034E0	13364.81428776796E0	4561.686203711648E0
hsa-miR-6733-5p	1.8546679972300883E-4	9.946272622313572E-4	0.002218592866239819E0	-8.816139341664156E0	-450.73614686900595E0	0.009999999999999787E0	4.507361473341403E0
hsa-miR-7704	1.998267644456263E-4	0.0010622370110004347E0	2393.5019875449507E0	11.224907288722713E0	2393.5019875449507E0	8008.290296173223E0	3.3458465158264517E0
hsa-miR-744-5p	2.2240696612094298E-4	0.0011719880127764473E0	9.12290287582467E0	3.189492957963267E0	9.12290287582467E0	3165.5666881083744E0	346.99116388876155E0
hsa-miR-124-5p	2.2637458026521245E-4	0.0011826120313855066E0	0.00595974813602752E0	-7.390532922193103E0	-167.7923256445786E0	0.010000000000000009E0	1.6779232578973458E0
hsa-miR-2116-5p	2.3485887446297507E-4	0.0012164485292697684E0	0.003294645715694755E0	-8.245660948925181E0	-303.52277188296284E0	0.010000000000000231E0	3.035227721759266E0
hsa-miR-194-3p	2.459648755642927E-4	0.0012631755473895031E0	0.005959748136027531E0	-7.3905329221931E0	-167.79232564457828E0	0.010000000000000009E0	1.6779232578973422E0
hsa-miR-4775	2.7884811928528846E-4	0.001420016472999032E0	0.002059199221781628E0	-8.923700871218106E0	-485.62566915443745E0	0.009999999999999787E0	4.856256696616901E0
hsa-miR-495-3p	3.03102411691456E-4	0.0015306671790418528E0	12.676902377707012E0	3.664130358482132E0	12.676902377707012E0	47.32310691417293E0	3.7330181683102737E0
hsa-miR-106b-3p	3.155426203247176E-4	0.0015803208918742054E0	17.15467252952834E0	4.100529681025732E0	17.15467252952834E0	6485.427924637264E0	378.0560608406249E0
hsa-miR-1307-3p	3.414516930380385E-4	0.0016960633277135356E0	22.686744972277936E0	4.503777725086616E0	22.686744972277936E0	1260.127394424357E0	55.54465373061885E0
hsa-miR-99a-5p	3.501000835371886E-4	0.0017248833384027342E0	18.47185036422863E0	4.207256486253016E0	18.47185036422863E0	174.27412032876134E0	9.43457838855295E0
hsa-miR-100-5p	3.552027876044849E-4	0.0017359103974864342E0	2.667431171598068E0	1.4154510453045308E0	2.667431171598068E0	36585.93350214439E0	13715.792889292774E0
hsa-miR-675-5p	3.894293134261524E-4	0.00187296955504959E0	0.0028896090179024933E0	-8.434909984355642E0	-346.0675800097963E0	0.010000000000000231E0	3.4606758035149094E0
hsa-miR-103a-2-5p	3.894293134261524E-4	0.00187296955504959E0	0.0028896090179024933E0	-8.434909984355642E0	-346.0675800097963E0	0.010000000000000231E0	3.4606758035149094E0
hsa-miR-423-5p	4.5480805111691974E-4	0.0021701864486366406E0	14.008864196350668E0	3.808268085294348E0	14.008864196350668E0	9655.1311931673E0	689.2158460197279E0
hsa-miR-342-3p	4.7729475793798637E-4	0.002259692369612654E0	11.698698880500572E0	3.548276178283107E0	11.698698880500572E0	1437.913792148691E0	122.91228334359357E0
hsa-let-7b-3p	4.934060644900736E-4	0.0023178610471394153E0	13.389534670583924E0	3.74303391812567E0	13.389534670583924E0	63.48550670729422E0	4.741427408896669E0
hsa-miR-1268b	5.571274160735324E-4	0.002597070878004313E0	16.833876281705002E0	4.073295514483568E0	16.833876281705002E0	63.48550670729422E0	3.771294597550323E0
hsa-miR-19b-3p	5.649348663444197E-4	0.002613362816829911E0	0.10205092582851476E0	-3.2926388240096442E0	-9.799029179611647E0	1629.7892994553167E0	15970.352908136718E0
hsa-miR-191-5p	5.961408694493184E-4	0.0027368285370173253E0	3.7704210883043445E0	1.9147256556116214E0	3.7704210883043445E0	50284.002828522396E0	13336.442174384938E0
hsa-miR-130a-3p	6.268337469086232E-4	0.0028560996287716215E0	0.20840091295934843E0	-2.262566497121999E0	-4.79844347032714E0	2167.56996776953E0	10400.961961075529E0
hsa-miR-665	6.3562209861815E-4	0.002874529789273126E0	8.340612231874756E0	3.0601532867240597E0	8.340612231874756E0	79.6479065004155E0	9.54940767627349E0
hsa-miR-92a-3p	6.853660909739847E-4	0.0030765322305943313E0	3.122045520312294E0	1.642491572373492E0	3.122045520312294E0	14099.166833249565E0	4516.002966263135E0
hsa-miR-7977	7.107445927213443E-4	0.0031669942881554017E0	12.71717575365864E0	3.6687064055571637E0	12.71717575365864E0	697.0664813150454E0	54.81299421494259E0
hsa-miR-370-3p	7.62451888999908E-4	0.0033725974068171114E0	11.169087570100768E0	3.48143942825939E0	11.169087570100768E0	1254.531826817954E0	112.3217826373791E0
hsa-miR-4443	7.874432444364893E-4	0.0034579029429602356E0	29.369302167258645E0	4.876237081633006E0	29.369302167258645E0	191.61061258707358E0	6.524179954514409E0
hsa-miR-29b-3p	7.986222669712294E-4	0.0034817632646371587E0	0.12000556333240261E0	-3.0588268056700496E0	-8.33294700871581E0	2811.717774564E0	23429.895227295194E0
hsa-miR-1260a	8.94557047319215E-4	0.0038721540762531735E0	57.292336992593206E0	5.84027028234956E0	57.292336992593206E0	613.9062974190572E0	10.715329993935143E0
hsa-miR-222-3p	9.478042023525195E-4	0.0040735414654299775E0	6.750297091867371E0	2.754950998982968E0	6.750297091867371E0	2069.1465818260604E0	306.52674289723836E0
hsa-miR-425-5p	0.0010092581895336627E0	0.00430711593561549E0	4.684066151763659E0	2.2277614507638632E0	4.684066151763659E0	1551.05059070054E0	331.13336576428765E0
hsa-miR-1296-5p	0.0010489309815830685E0	0.004445120103771605E0	11.986108022008562E0	3.583291375920174E0	11.986108022008562E0	646.2310970052997E0	53.915006901961306E0
hsa-miR-374a-5p	0.0011170852417402603E0	0.004701067058990262E0	0.15018509632589547E0	-2.735186441313066E0	-6.658450302086175E0	910.6999560211943E0	6063.85039922062E0
hsa-miR-93-3p	0.0011935196844014566E0	0.004963723310389055E0	15.42296238265646E0	3.9470079940114213E0	15.42296238265646E0	1140.220935800914E0	73.93008599672953E0
hsa-miR-424-3p	0.001195880533526076E0	0.004963723310389055E0	40.38900026753342E0	5.335890530927816E0	40.38900026753342E0	1729.7361861705135E0	42.826912615625815E0
hsa-miR-30a-5p	0.001277126103776935E0	0.005264887203325323E0	5.994942351004159E0	2.583745880358381E0	5.994942351004159E0	253.91202682917685E0	42.35437338440022E0
hsa-miR-4488	0.0013147444949886057E0	0.005383345702453345E0	315.93605958748014E0	8.303488799284585E0	315.93605958748014E0	1155.2092431288445E0	3.6564653098300823E0
hsa-miR-4449	0.0013658717046105815E0	0.005535507886253256E0	15811.172027493118E0	13.948656693202791E0	15811.172027493118E0	158.11172053564007E0	0.010000000000161435E0
hsa-miR-941	0.001370175219369618E0	0.005535507886253256E0	13.145062649866665E0	3.7164491127989363E0	13.145062649866665E0	521.6282685210931E0	39.682448246031186E0
hsa-let-7f-1-3p	0.0015081359384240905E0	0.006052519064139065E0	8.931236324771072E0	3.1588598972007498E0	8.931236324771072E0	94.63621382834587E0	10.596093346100005E0
hsa-miR-142-3p	0.0015579594889253774E0	0.006211338488741966E0	27.974687721477164E0	4.806050121524569E0	27.974687721477164E0	1037.3760747162319E0	37.082668606027255E0
hsa-miR-501-3p	0.0015938081140696983E0	0.006303351462869463E0	17.605687195338483E0	4.137969635292496E0	17.605687195338483E0	159.285813000831E0	9.047406736037715E0
hsa-miR-874-3p	0.00160184179089422E0	0.006303351462869463E0	20.661110404520894E0	4.368845886943523E0	20.661110404520894E0	110.79861362146715E0	5.362664996967524E0
hsa-miR-186-5p	0.0016940152020540056E0	0.00662305298351437E0	3.2406739288213258E0	1.6962938664014626E0	3.2406739288213258E0	7425.195297568681E0	2291.2503569265255E0
hsa-miR-4516	0.0017065027071698315E0	0.00662910667015973E0	129.12452853372687E0	7.012619271230628E0	129.12452853372687E0	5180.620502948668E0	40.12111840813395E0
hsa-miR-142-5p	0.0017595098483957736E0	0.006791483873425725E0	119.02541029237672E0	6.895125791790227E0	119.02541029237672E0	328.85356346882867E0	2.76288535696375E0
hsa-miR-766-5p	0.0018723555456226272E0	0.007181313042071595E0	33.03167963460406E0	5.045778426269924E0	33.03167963460406E0	78.47381403522459E0	2.37571370444833E0
hsa-miR-668-3p	0.0019091099886728643E0	0.0072539009937984695E0	2341.0172076234703E0	11.192919823666394E0	2341.0172076234703E0	840.1798945227551E0	0.35889522327556733E0
hsa-miR-197-5p	0.001915221384501246E0	0.0072539009937984695E0	14194.932051386875E0	13.793088322703912E0	14194.932051386875E0	141.9493207425188E0	0.009999999999962483E0
hsa-miR-3195	0.0019384888298721043E0	0.007296423794425436E0	3826.189390572594E0	11.901692571330289E0	3826.189390572594E0	2561.6874334369327E0	0.6695140173092113E0
hsa-miR-181a-2-3p	0.0021006356171827095E0	0.007846587059981392E0	8.483363866780051E0	3.0846364430455133E0	8.483363866780051E0	189.26242765669173E0	22.309832580621276E0
hsa-miR-21-5p	0.0021105506448464797E0	0.007846587059981392E0	0.42295588218326546E0	-1.2414209087876202E0	-2.364312785622173E0	55442.156547458464E0	131082.59960667018E0
hsa-miR-1268a	0.002152481591973648E0	0.007916975274052865E0	33.69576980430788E0	5.074495580495935E0	33.69576980430788E0	125.78692094939751E0	3.7330181683102523E0
hsa-miR-766-3p	0.0021556120795688497E0	0.007916975274052865E0	28.203379781973528E0	4.8177961547639425E0	28.203379781973528E0	47.32310691417293E0	1.6779232578973549E0
hsa-miR-19a-3p	0.0021754329387937994E0	0.007941640728367725E0	0.07816802812584997E0	-3.67727754510701E0	-12.792954152431824E0	753.7723279507445E0	9642.974836996407E0
hsa-miR-138-1-3p	0.0022153421085951705E0	0.008038906094662715E0	9.373435661947504E0	3.2285779383823137E0	9.373435661947504E0	126.96101341458844E0	13.544768209379171E0
hsa-miR-101-3p	0.0022544997362969575E0	0.008132302620214025E0	0.30434193721266417E0	-1.716234949204331E0	-3.285777862750584E0	270.0744266222981E0	887.4045724688768E0
hsa-miR-3182	0.0022832634852811375E0	0.008187323503434138E0	197.55642874739786E0	7.626120984058329E0	197.55642874739786E0	10996.759403170336E0	55.66389037845329E0
hsa-miR-320c	0.0023187995622648214E0	0.008265838439602834E0	32.768857204971404E0	5.034253455486406E0	32.768857204971404E0	235.40144210567374E0	7.183693971825278E0
hsa-miR-339-5p	0.002436832240275249E0	0.008635791447992987E0	4.40811936725381E0	2.14016329110813E0	4.40811936725381E0	3202.3129628358292E0	726.4578599713814E0
hsa-miR-221-5p	0.0024564696202874947E0	0.008654770871478033E0	19.71791589830525E0	4.30143516779623E0	19.71791589830525E0	612.7322049538662E0	31.074896951863934E0
hsa-miR-1180-3p	0.0025158572074894764E0	0.008812771489818627E0	11.24609150572173E0	3.4913517856581824E0	11.24609150572173E0	684.4263589174968E0	60.85904229834591E0
hsa-miR-1246	0.0026168477386562922E0	0.009113849020837431E0	2353.336889938692E0	11.200492147788534E0	2353.336889938692E0	844.6013696639673E0	0.35889522327533996E0
hsa-miR-27a-5p	0.002798590930125136E0	0.009691120592319042E0	4.349210908401717E0	2.120753671811272E0	4.349210908401717E0	1924.85907615316E0	442.5766227976951E0
hsa-miR-6724-5p	0.0029636291429427316E0	0.010165586705358571E0	70501.02325153725E0	16.105356576482233E0	70501.02325153725E0	705.0102338518303E0	0.010000000000104592E0
hsa-miR-423-3p	0.002969156512951266E0	0.010165586705358571E0	16.97100665016302E0	4.085000237029303E0	16.97100665016302E0	6540.409889368671E0	385.3872678895241E0
hsa-miR-15b-5p	0.0032400391975123365E0	0.011030695245463348E0	0.26730566472423517E0	-1.9034376834830782E0	-3.7410355707637026E0	2202.2429522861557E0	8238.669221801798E0
hsa-miR-1306-5p	0.0035589754876650913E0	0.012048822042039359E0	9.296681235342492E0	3.2167157893578056E0	9.296681235342492E0	47.32310691417293E0	5.090322632172189E0
hsa-miR-139-3p	0.003605710492710716E0	0.012139225325459411E0	22.964318052227128E0	4.521322036849093E0	22.964318052227128E0	125.78692094939751E0	5.477494284687765E0
hsa-miR-484	0.003645100140692132E0	0.012204036935134983E0	63.31005549936094E0	5.984362755155987E0	63.31005549936094E0	469.61879174615655E0	7.417759907380457E0
hsa-miR-18a-3p	0.0037888708596686815E0	0.012615690884391325E0	6.916342459506707E0	2.7900093051282773E0	6.916342459506707E0	397.0254400368866E0	57.40395913471616E0
hsa-miR-26a-5p	0.003854889268880223E0	0.012765371021537786E0	1.557617182671042E0	0.6393407041795579E0	1.557617182671042E0	5469.19551429447E0	3511.257820427001E0
hsa-miR-31-5p	0.004118932753939973E0	0.01356561548308491E0	7847.381391656323E0	12.937995603185962E0	7847.381391656323E0	78.47381403522459E0	0.009999999999976694E0
hsa-miR-378a-3p	0.004175810083199762E0	0.013678599515778678E0	3.6325577814296124E0	1.8609857463285808E0	3.6325577814296124E0	1264.8237642851207E0	348.19095527554646E0
hsa-miR-223-3p	0.0043953740024939405E0	0.014320412072641548E0	611.8849664061503E0	9.257116643355415E0	611.8849664061503E0	409.66556243443506E0	0.6695140173105756E0
hsa-miR-125a-3p	0.004844855658359068E0	0.015700441331366822E0	6.864784767265213E0	2.779214488024688E0	6.864784767265213E0	790.5186026782004E0	115.15562821293759E0
hsa-miR-29a-3p	0.005123490036329808E0	0.016515079585190762E0	0.2928731510658573E0	-1.771652153631776E0	-3.4144475052106555E0	32112.247496084412E0	109645.58337245074E0
hsa-miR-340-5p	0.0056583827990577895E0	0.01814139526153038E0	0.17523261707238982E0	-2.512656757683073E0	-5.706700137833889E0	555.1271605725265E0	3167.9442446863177E0
hsa-miR-874-5p	0.005687896204110185E0	0.01814139526153038E0	83.8984902971263E0	6.390572945356451E0	83.8984902971263E0	140.77522827732787E0	1.6779232578973335E0
hsa-miR-185-3p	0.006243110454094844E0	0.019807983953829714E0	305.44993062278905E0	8.254792102511857E0	305.44993062278905E0	109.62452115627622E0	0.3588952232754963E0
hsa-miR-146a-5p	0.0067871246908730734E0	0.02142186230556814E0	6.365197326439639E0	2.6702052395725357E0	6.365197326439639E0	538.9647607794054E0	84.67369241990434E0
hsa-miR-221-3p	0.007251076418243073E0	0.02276762854640053E0	2.9266590139243895E0	1.5492546666290785E0	2.9266590139243895E0	96753.44073040537E0	33059.348647221355E0
hsa-miR-485-5p	0.007515088163708962E0	0.023474966119626964E0	18.93959561792259E0	4.243333622829574E0	18.93959561792259E0	109.62452115627622E0	5.788113078723171E0
hsa-miR-193b-5p	0.007784463041065355E0	0.024191715912233874E0	6.235238615904808E0	2.6404447715056945E0	6.235238615904808E0	363.5265479854531E0	58.301946447697276E0
hsa-miR-27b-5p	0.0079215840225309E0	0.02449224447782513E0	6.949837134843751E0	2.796979169561849E0	6.949837134843751E0	189.26242765669173E0	27.232642135718578E0
hsa-miR-135b-5p	0.008831238191014E0	0.027166143876926313E0	2.3544031238511282E-4	-12.052351017971645E0	-4247.360997229254E0	0.010000000000005116E0	42.4736100322351E0
hsa-miR-105-3p	0.009423392451442716E0	0.0287101161249514E0	12.8183990483112E0	3.680144182952442E0	12.8183990483112E0	79.6479065004155E0	6.213561160478818E0
hsa-miR-424-5p	0.009465700405224296E0	0.0287101161249514E0	0.44008786081088513E0	-1.1841365172686766E0	-2.272273536828412E0	555.1271605725267E0	1261.4007567184894E0
hsa-miR-628-3p	0.009475285849818944E0	0.0287101161249514E0	10.52031701800259E0	3.3951062741762392E0	10.52031701800259E0	79.6479065004155E0	7.570865624340726E0
hsa-miR-130b-3p	0.009531538293092912E0	0.028736876644847288E0	0.3792753673832509E0	-1.398682418240756E0	-2.6366067664750767E0	886.3189089717373E0	2336.874433032287E0
hsa-miR-22-3p	0.010114296383562642E0	0.03034288915068793E0	2.6396577959597916E0	1.4003509113747645E0	2.6396577959597916E0	1721.7924336337287E0	652.2786536902017E0
hsa-miR-328-3p	0.010473881180865778E0	0.03126685712120523E0	10.450095496926734E0	3.3854442211469276E0	10.450095496926734E0	330.0276559340196E0	31.581305252214577E0
hsa-miR-193a-5p	0.010715933050994627E0	0.031832624651484044E0	7.123394395436412E0	2.8325648690730163E0	7.123394395436412E0	835.4835246619914E0	117.28727598183059E0
hsa-miR-33b-3p	0.011053058169488246E0	0.032673918296145736E0	7.772652145314438E0	2.9584069517905056E0	7.772652145314438E0	79.6479065004155E0	10.2471981228245E0
hsa-miR-671-3p	0.01215827016833796E0	0.03564013308816766E0	17.79238401139683E0	4.1531879259525635E0	17.79238401139683E0	407.31737750405324E0	22.892793739452316E0
hsa-miR-143-3p	0.01217410486675034E0	0.03564013308816766E0	93.16263124596712E0	6.541679481880324E0	93.16263124596712E0	481.35971639806576E0	5.166875490652387E0
hsa-miR-105-5p	0.012291697953034484E0	0.03581138922855239E0	4.480286431908863E0	2.163590969042887E0	4.480286431908863E0	395.85134757169567E0	88.35402679885976E0
hsa-miR-125b-1-3p	0.012575066350364771E0	0.03646167563789977E0	9.669822017851795E0	3.273489335790467E0	9.669822017851795E0	3781.2613810187104E0	391.0373296001835E0
hsa-miR-324-5p	0.01378773219942799E0	0.039787455775492205E0	4.163323698208109E0	2.0577357323058E0	4.163323698208109E0	315.0393486060892E0	75.67015475299206E0
hsa-miR-3689f	0.014649786968563021E0	0.04207474361587294E0	3.9513283839486637E0	1.9823377496836794E0	3.9513283839486637E0	3655.135051762777E0	925.0395552449545E0
hsa-miR-425-3p	0.014727345262545403E0	0.042097977495766575E0	2.1088835879939083E0	1.076479459446822E0	2.1088835879939083E0	507.8140536583537E0	240.7975748331504E0
hsa-miR-590-5p	0.016835059867941083E0	0.04789693089188872E0	2.3775601657163935E-5	-15.360158624546603E0	-42059.92405238189E0	0.009999999999990905E0	420.59924127966065E0
hsa-miR-2355-3p	0.017290712355418885E0	0.0489634190999245E0	3.7962758361999236E0	1.9245848219322592E0	3.7962758361999236E0	63.48550670729422E0	16.72310164809869E0
hsa-miR-1270	0.01838156152264481E0	0.05181035480336165E0	2.900143948780992E0	1.536124510253463E0	2.900143948780992E0	159.285813000831E0	54.923416142547666E0
hsa-let-7g-5p	0.018646647034256603E0	0.05231420417944214E0	0.3772352159022735E0	-1.4064637332007883E0	-2.6508659792225227E0	3515.5439159506404E0	9319.235766790523E0
hsa-miR-3621	0.023133287398737132E0	0.06460263669877743E0	131.8220806546713E0	7.042448236773793E0	131.8220806546713E0	568.9413754352661E0	4.315979327140894E0
hsa-miR-27a-3p	0.023331313313924615E0	0.06485677003779045E0	0.5343370691004931E0	-0.9041779887272949E0	-1.8714778701081085E0	4175.8541225382305E0	7815.018579957135E0
hsa-miR-942-5p	0.02359973192118822E0	0.0653033677819181E0	3.1943920810341377E0	1.6755414006163623E0	3.1943920810341377E0	634.7650670729422E0	198.7123217332014E0
hsa-miR-3613-5p	0.02398210101588076E0	0.06605978734374428E0	6.481949398384878E-5	-13.913212716197618E0	-15427.457675759892E0	0.010000000000019327E0	154.27457700914832E0
hsa-miR-493-3p	0.024739628536696433E0	0.06783807643999112E0	0.28224528729147025E0	-1.8249786026684907E0	-3.543017527755267E0	111.97270608665809E0	396.72126037996657E0
hsa-miR-199a-3p	0.025129473294322965E0	0.06859667034396269E0	4.078769086011905E0	2.028133833216386E0	4.078769086011905E0	303.57331867373165E0	74.42767957685186E0
hsa-miR-589-5p	0.02559090964837868E0	0.06954301007586314E0	3.722993750779202E0	1.8964631945597128E0	3.722993750779202E0	460.5009467441808E0	123.69103400873945E0
hsa-miR-767-3p	0.025945758886308127E0	0.07019254412992289E0	3.8729164077794387E0	1.9534203628732225E0	3.8729164077794387E0	79.6479065004155E0	20.565356464244005E0
hsa-let-7f-5p	0.02702885094477429E0	0.07279770521125875E0	0.5488898552030604E0	-0.8654114197823746E0	-1.821859140810778E0	12112.91554059994E0	22068.02590174642E0
hsa-miR-26b-5p	0.027340300905966942E0	0.07331071835847772E0	1.9277051458624712E0	0.946884399527983E0	1.9277051458624712E0	1853.439816909081E0	961.474746634246E0
hsa-miR-30e-3p	0.029188263547086497E0	0.07792109123142915E0	1.5317996167275185E0	0.6152275826012975E0	1.5317996167275185E0	3000.6953075011406E0	1958.9346246838886E0
hsa-miR-99b-3p	0.029788256521279304E0	0.07902189348361743E0	3.041015812554709E0	1.6045533180572844E0	3.041015812554709E0	910.6999560211949E0	299.4722855732483E0
hsa-miR-219b-3p	0.029861408593644213E0	0.07902189348361743E0	0.002237594476637644E0	-8.803835686933644E0	-446.90850394959205E0	0.009999999999999787E0	4.46908504410133E0
hsa-miR-337-3p	0.03098824696566092E0	0.08164729417908921E0	1.3563020551078734E-4	-12.848033870044096E0	-7372.9889019482835E0	0.009999999999990905E0	73.72988913029931E0
hsa-miR-301b-3p	0.0317463588807861E0	0.08328265576517911E0	1.3570065369034103E-4	-12.847284709098195E0	-7369.161259030681E0	0.009999999999990905E0	73.69161270105924E0
hsa-miR-23a-3p	0.031946141769941865E0	0.08344552548527918E0	2.591292636005277E0	1.37367194900853E0	2.591292636005277E0	6436.9407252579E0	2484.0655334651947E0
hsa-miR-23b-3p	0.03246824307907384E0	0.08444530174214054E0	3.227824727857098E0	1.6905622418385682E0	3.227824727857098E0	2998.0722278512076E0	928.8212589065515E0
hsa-miR-3928-3p	0.03270803192818983E0	0.08470541601915828E0	7.601288925939224E0	2.9262440724239456E0	7.601288925939224E0	78.47381403522459E0	10.323750981304627E0
hsa-miR-148a-5p	0.03348853073717023E0	0.0863576579860645E0	8.052926943493977E0	3.0095132452613984E0	8.052926943493977E0	188.0883351915008E0	23.356518250448033E0
hsa-miR-4454	0.03366952639704099E0	0.08645649574833406E0	16.946716276774396E0	4.082933847885453E0	16.946716276774396E0	140.77522827732787E0	8.306932500131694E0
hsa-miR-4492	0.03441337796380789E0	0.0879132268599994E0	356.4278025573896E0	8.477466066048837E0	356.4278025573896E0	1427.6218546815244E0	4.005360533105431E0
hsa-miR-1185-1-3p	0.03452697688561033E0	0.0879132268599994E0	7.004496239427676E-5	-13.801359178100984E0	-14276.544177025757E0	0.010000000000019327E0	142.76544200117175E0
hsa-miR-188-5p	0.03910367761537096E0	0.09914991060633808E0	2.310203514625019E-4	-12.079692429809722E0	-4328.622970527837E0	0.010000000000005116E0	43.28622976650629E0
hsa-miR-20a-5p	0.040012168342281426E0	0.1010307250642606E0	0.5160067576319187E0	-0.9545381355601136E0	-1.9379591162511993E0	10439.895201065126E0	20232.090079871894E0
hsa-miR-16-5p	0.04053644542167684E0	0.10192981711840732E0	0.5817375188729704E0	-0.781559741819235E0	-1.7189883195729763E0	51403.68124334757E0	88362.32764845077E0
hsa-miR-1292-5p	0.04094408212734419E0	0.1025293957403743E0	8.865477569771322E0	3.1481983490013556E0	8.865477569771322E0	78.47381403522459E0	8.851617229722507E0
hsa-miR-132-5p	0.04195698369946726E0	0.10463346552212821E0	5.487727200108177E0	2.4562087656154605E0	5.487727200108177E0	926.5874610947646E0	168.84721616812453E0
hsa-let-7i-5p	0.04486184724456486E0	0.11141917799264879E0	0.49519024584093263E0	-1.0139451979755525E0	-2.019425884089859E0	28821.612703639716E0	58203.110721851066E0
hsa-miR-30b-5p	0.04596020660245931E0	0.11354137781152028E0	0.4316699692471266E0	-1.2119993651300407E0	-2.3165845929567324E0	1294.8003789409813E0	2999.514609234756E0
hsa-miR-205-5p	0.046091054359131994E0	0.11354137781152028E0	24759.81730947415E0	14.59571304920308E0	24759.81730947415E0	8886.180176756056E0	0.3588952232767042E0
hsa-miR-624-5p	0.04710015010220842E0	0.11555745328719962E0	1.6092747314624668E-4	-12.601301739078966E0	-6213.979381203769E0	0.010000000000005116E0	62.13979390372777E0
hsa-miR-6821-5p	0.048837611783655414E0	0.1193370675036096E0	20307.664217945974E0	14.309736690331892E0	20307.664217945974E0	203.07664251943118E0	0.009999999999990905E0
hsa-miR-140-3p	0.051070149294793483E0	0.1242912067174492E0	9.5632949575538E0	3.2575077730091473E0	9.5632949575538E0	1505.8107739971977E0	157.45731780798246E0
hsa-miR-589-3p	0.051800962934627576E0	0.12556553415353724E0	2.7361415554986483E0	1.452142870623327E0	2.7361415554986483E0	222.7613197081252E0	81.41439876259005E0
hsa-miR-9901	0.05649145110157533E0	0.13638971859583526E0	65.33345345977634E0	6.029749996031771E0	65.33345345977634E0	109.62452115627622E0	1.6779232578971914E0
hsa-miR-200c-3p	0.05803150427522278E0	0.13955195075708335E0	5.925882870375801E0	2.56703011060598E0	5.925882870375801E0	270.0744266222981E0	45.575390612473996E0
hsa-let-7b-5p	0.05836504640889344E0	0.13979928112169732E0	2.352684451702218E0	1.2343078354402368E0	2.352684451702218E0	9970.160541773388E0	4237.780605520331E0
hsa-miR-17-5p	0.05901841044402641E0	0.1408077036577953E0	0.47797354678201953E0	-1.0649973197408753E0	-2.0921659927260605E0	1307.7153960580813E0	2735.95768013808E0
hsa-miR-382-3p	0.05995521980137337E0	0.1423327945836904E0	7.197525735881304E-4	-10.440211337169291E0	-1389.3663415675924E0	0.009999999999999787E0	13.893663432654645E0
hsa-miR-28-3p	0.06012738517066789E0	0.1423327945836904E0	2.572278387691643E0	1.363046788392161E0	2.572278387691643E0	2909.866265787919E0	1131.2408016361546E0
hsa-miR-92b-5p	0.06180995956113147E0	0.1454734525884914E0	102.4635271337857E0	6.678966649873645E0	102.4635271337857E0	171.92593539837952E0	1.6779232578972767E0
hsa-miR-365a-3p	0.0619342421911399E0	0.1454734525884914E0	0.3383162809636856E0	-1.563555488549468E0	-2.9558140008855753E0	282.7145490198467E0	835.6516223998557E0
hsa-miR-299-3p	0.06507097410276451E0	0.15176777376528322E0	0.390866234062216E0	-1.3552531356248771E0	-2.5584200241784645E0	158.11172053564007E0	404.51619193986255E0
hsa-miR-561-5p	0.06529309201517436E0	0.15176777376528322E0	3.0116102246118213E0	1.5905350623712649E0	3.0116102246118213E0	94.63621382834587E0	31.423792175139354E0
hsa-miR-23b-5p	0.0653653283048497E0	0.15176777376528322E0	7.590205597473403E0	2.924138964749837E0	7.590205597473403E0	141.9493207425188E0	18.701643700031468E0
hsa-miR-9-5p	0.06594539478178112E0	0.15253018793037923E0	0.4714016963527992E0	-1.0849711447096178E0	-2.1213330536078416E0	2622.4653469073082E0	5563.122423042146E0
hsa-miR-590-3p	0.06716773034877509E0	0.15476670947284296E0	0.04573556095777957E0	-4.450539843591801E0	-21.86482419933894E0	64.65959917248529E0	1413.770769442622E0
hsa-miR-3157-5p	0.06841107546139967E0	0.1570345141273038E0	2.869207278145497E0	1.520652195485697E0	2.869207278145497E0	47.32310691417293E0	16.493443072658252E0
hsa-miR-331-5p	0.06998283371625852E0	0.16003621597001005E0	4.6487533358506505E0	2.216843878086193E0	4.6487533358506505E0	78.47381403522459E0	16.880614725173814E0
hsa-miR-615-3p	0.07067676875619364E0	0.16101549573779453E0	5.190349857409494E0	2.375831787241789E0	5.190349857409494E0	1016.7921997818984E0	195.90051295821684E0
hsa-miR-671-5p	0.07278591454503673E0	0.16494837251989183E0	5.194576755701423E0	2.377006205852155E0	5.194576755701423E0	376.1666703830016E0	72.41526845579239E0
hsa-miR-548k	0.07294746507480365E0	0.16494837251989183E0	2.686266799740769E0	1.4256026002037923E0	2.686266799740769E0	47.32310691417293E0	17.616681600964874E0
hsa-miR-7-1-3p	0.07684269303570954E0	0.17311030475702593E0	3.520773564150563E0	1.815892444360415E0	3.520773564150563E0	990.0629678020588E0	281.20608995497275E0
hsa-miR-345-5p	0.07749967753973541E0	0.17394372070029504E0	4.491627454040128E0	2.1672382722403607E0	4.491627454040128E0	266.5521492267254E0	59.344224757408824E0
hsa-miR-148b-3p	0.07871643826078381E0	0.17598941552289998E0	0.5703630119028869E0	-0.810047668986562E0	-1.753269372541755E0	3764.749572919053E0	6600.620122114496E0
hsa-miR-218-5p	0.07899194888156567E0	0.17598941552289998E0	0.0013343451659412876E0	-9.549652376176057E0	-749.4312757483328E0	0.009999999999999787E0	7.494312765860505E0
hsa-miR-361-3p	0.08320641775949196E0	0.18469996030128985E0	2.2533442758429914E0	1.172067751703206E0	2.2533442758429914E0	206.59891991500393E0	91.68546595453972E0
hsa-miR-3065-5p	0.08751550270710487E0	0.19355618481936332E0	8.645862423736961E-4	-10.175702499847159E0	-1156.6226143669942E0	0.009999999999999787E0	11.566226157446314E0
hsa-miR-92b-3p	0.09082830556605692E0	0.19951480754572967E0	4.9974654412736E0	2.321196590406504E0	4.9974654412736E0	750.250050555173E0	150.12611075908217E0
hsa-miR-148a-3p	0.09086813016934223E0	0.19951480754572967E0	0.270644856459232E0	-1.8855271246484826E0	-3.6948790126023803E0	2623.364544652948E0	9693.01460058271E0
hsa-miR-10b-5p	0.09144628852442438E0	0.2000593893350223E0	1.8942066144442617E0	0.9215937042891864E0	1.8942066144442617E0	79.6479065004155E0	42.048161950480335E0
hsa-miR-20b-5p	0.09369138627393805E0	0.2042337413021815E0	0.6574488269095168E0	-0.605049489512069E0	-1.5210309290545403E0	1148.4395830572505E0	1746.812126104294E0
hsa-miR-411-5p	0.1000423024359652E0	0.21729618378564483E0	0.3848722957798817E0	-1.3775482693594852E0	-2.5982644398284402E0	481.35971639806576E0	1250.6998340846694E0
hsa-miR-34a-5p	0.10104293275199243E0	0.21868577588466934E0	0.3496909977748139E0	-1.5158474382077587E0	-2.8596675532492757E0	285.06273395022856E0	815.1846510626426E0
hsa-miR-574-3p	0.10188624811674926E0	0.21972621479982227E0	2.644868588794372E0	1.4031960433206134E0	2.644868588794372E0	2781.191370469037E0	1051.5423646359668E0
hsa-miR-296-5p	0.10484189154911859E0	0.22529853290342505E0	2.831578229034E0	1.50160638823283E0	2.831578229034E0	240.0978119664374E0	84.79292906773958E0
hsa-miR-6807-5p	0.1052672336233256E0	0.2253038500024983E0	350.4836862327967E0	8.453203483258019E0	350.4836862327967E0	125.78692094939751E0	0.35889522327548207E0
hsa-miR-758-3p	0.10558794290546125E0	0.2253038500024983E0	0.16965089551900556E0	-2.5593590494101295E0	-5.894457538468888E0	16.172399793121286E0	95.327523904255E0
hsa-miR-192-5p	0.11024772822251018E0	0.23432363903000433E0	0.4317742977583898E0	-1.2116507283220685E0	-2.3160248425893455E0	225.10950463850708E0	521.3592051197076E0
hsa-miR-26a-1-3p	0.1105883840966687E0	0.23432363903000433E0	2.3382619164627583E0	1.2254365399714386E0	2.3382619164627583E0	252.73793436398591E0	108.08794880860302E0
hsa-miR-3200-3p	0.11322620330877352E0	0.23840195850513693E0	2.477380401498014E0	1.308815411264222E0	2.477380401498014E0	95.81030629353678E0	38.6740390054447E0
hsa-miR-3150a-5p	0.11329994067570864E0	0.23840195850513693E0	0.002706549122023537E0	-8.529329712439331E0	-369.47417353813086E0	0.010000000000000231E0	3.694741739070197E0
hsa-miR-6514-5p	0.12116366810616493E0	0.25406637672088567E0	0.003670251502047243E0	-8.089905358289972E0	-272.4608925143703E0	0.010000000000000231E0	2.724608927723852E0
hsa-miR-147b-5p	0.12294216897092705E0	0.25634184107598973E0	0.0028896090179024933E0	-8.434909984355642E0	-346.0675800097963E0	0.010000000000000231E0	3.46067580351491E0
hsa-miR-497-3p	0.12309484447708417E0	0.25634184107598973E0	0.0029887802571366513E0	-8.386227454421949E0	-334.58465125101986E0	0.010000000000000231E0	3.3458465157947E0
hsa-miR-1275	0.12584439591287377E0	0.26111990858377954E0	0.003213594195296642E0	-8.281596524098454E0	-311.1780577222793E0	0.010000000000000231E0	3.111780580239409E0
hsa-miR-330-3p	0.12625104490931915E0	0.26111990858377954E0	0.0022569243854834403E0	-8.791426200432497E0	-443.0808610301744E0	0.009999999999999787E0	4.430808614861272E0
hsa-miR-569	0.12986500186885225E0	0.26768092221947093E0	0.004209261406588746E0	-7.892217176912651E0	-237.57137022535653E0	0.010000000000000231E0	2.3757137044483425E0
hsa-miR-548j-5p	0.13073312477014878E0	0.26855685969732257E0	0.0022375944766376502E0	-8.80383568693364E0	-446.90850394959085E0	0.009999999999999787E0	4.469085044101318E0
hsa-miR-363-3p	0.13143455846283586E0	0.2690856163124275E0	2.352989926520609E0	1.2344951441959247E0	2.352989926520609E0	701.7628511758091E0	298.2430324774516E0
hsa-miR-141-3p	0.13257348996759247E0	0.2705034845803402E0	7.105362390979477E0	2.8289082323443657E0	7.105362390979477E0	424.65386976236545E0	59.76526547905024E0
hsa-miR-185-5p	0.13510571079248948E0	0.2747451702692907E0	2.288556965926036E0	1.1944382034247578E0	2.288556965926036E0	1775.875200619496E0	775.9803346877225E0
hsa-miR-29c-5p	0.13627085844134726E0	0.2761877599179145E0	0.27795886187233143E0	-1.8470567161273153E0	-3.597654679055735E0	16.17239979312128E0	58.18270979986221E0
hsa-miR-708-5p	0.13741561181998077E0	0.27757953587636114E0	2.232939421120568E0	1.1589441118704396E0	2.232939421120568E0	2255.151626806731E0	1009.9475181324374E0
hsa-miR-1-3p	0.13902609623536571E0	0.2798997153442911E0	0.28193933449366454E0	-1.826543326733505E0	-3.5468623127592402E0	16.17239979312128E0	57.36127534536129E0
hsa-miR-203a-3p	0.14439656544901955E0	0.28974939954339685E0	7.192657311605658E0	2.8465248696929577E0	7.192657311605658E0	15247.34468121565E0	2119.8486199993204E0
hsa-miR-376b-5p	0.14796030998896817E0	0.2958490646410522E0	0.34063378944184136E0	-1.5537065434812785E0	-2.935704063999607E0	16.17239979312128E0	47.47737980592714E0
hsa-miR-106b-5p	0.1484127320971615E0	0.2958490646410522E0	0.31255495895991625E0	-1.6778182025605937E0	-3.199437319208381E0	48.49719937936386E0	155.16374960189972E0
hsa-miR-155-5p	0.14903977009922809E0	0.2961249202627286E0	3.614916307837295E0	1.853962246438968E0	3.614916307837295E0	1622.7447446641706E0	448.90243815433064E0
hsa-miR-125b-5p	0.15020008231640583E0	0.29745506497954877E0	0.7449620042581264E0	-0.42476125007265114E0	-1.3423503403987083E0	34402.4115157143E0	46180.088810951616E0
hsa-miR-497-5p	0.15465735986561852E0	0.3051824508631491E0	0.35326085231492943E0	-1.5011942134776448E0	-2.8307693690001843E0	32.33479958624257E0	91.53236023757944E0
hsa-miR-21-3p	0.15510923245189756E0	0.3051824508631491E0	2.2936979789998553E0	1.1976754380474057E0	2.2936979789998553E0	6562.442751487747E0	2861.075351092749E0
hsa-miR-542-5p	0.1562459618116602E0	0.30642411928112E0	0.3554120097454755E0	-1.4924356625148683E0	-2.8136359283867174E0	16.172399793121286E0	45.50324511410919E0
hsa-let-7e-3p	0.16378408364692382E0	0.32017146674205105E0	4.262492997756946E0	2.0916974641404167E0	4.262492997756946E0	219.23904231255244E0	51.43446390979267E0
hsa-miR-548a-3p	0.16558519042078712E0	0.3223870544523414E0	0.40510346063154806E0	-1.3036376854625E0	-2.468505202204445E0	32.33479958624257E0	79.81862100305793E0
hsa-miR-365b-3p	0.16598145377744308E0	0.3223870544523414E0	0.5332190329632591E0	-0.9071998173268702E0	-1.8754019233760246E0	395.85134757169567E0	742.3803786857836E0
hsa-miR-30c-5p	0.16672086805134653E0	0.3227886454923834E0	0.7185836646845393E0	-0.47677195546500495E0	-1.3916264022492126E0	364.70064045064396E0	507.5270401966375E0
hsa-miR-92a-1-5p	0.16780502008242715E0	0.3238530005412448E0	166.9622178379701E0	7.383377859511785E0	166.9622178379701E0	1976.5936582085449E0	11.838568522241758E0
hsa-miR-374b-3p	0.17439195360940812E0	0.33352260512290716E0	0.5336171791227031E0	-0.9061229818952655E0	-1.8740026354549841E0	223.93541217331614E0	419.65555262900347E0
hsa-miR-12136	0.17558590879615357E0	0.33352260512290716E0	0.4148870162001784E0	-1.269209585801957E0	-2.4102947572538906E0	16.17239979312128E0	38.980250439365264E0
hsa-miR-107	0.1760789522468508E0	0.33352260512290716E0	0.667818493123631E0	-0.5824720500512616E0	-1.4974128603756311E0	766.4124503482942E0	1147.6358595817824E0
hsa-miR-5699-3p	0.17895304759903072E0	0.33352260512290716E0	0.009463552211805809E0	-6.7234024735679485E0	-105.66856689948803E0	0.010000000000000009E0	1.0566856698264944E0
hsa-miR-3942-5p	0.17895304759903072E0	0.33352260512290716E0	0.009463552211805809E0	-6.7234024735679485E0	-105.66856689948803E0	0.010000000000000009E0	1.0566856698264944E0
hsa-let-7a-5p	0.17902044859439672E0	0.33352260512290716E0	0.7966939495615983E0	-0.3279024763771596E0	-1.2551871399930628E0	37320.560942345546E0	46844.2881539575E0
hsa-miR-204-5p	0.1792671802003664E0	0.33352260512290716E0	0.027863285319821955E0	-5.165490815712895E0	-35.88952230584954E0	0.010000000000000009E0	0.3588952232754987E0
hsa-miR-3657	0.17945663131565537E0	0.33352260512290716E0	0.02786328531982209E0	-5.165490815712888E0	-35.88952230584936E0	0.010000000000000009E0	0.35889522327549694E0
hsa-miR-212-3p	0.17945663131565537E0	0.33352260512290716E0	0.02786328531982209E0	-5.165490815712888E0	-35.88952230584936E0	0.010000000000000009E0	0.35889522327549694E0
hsa-miR-3129-5p	0.17966382874042086E0	0.33352260512290716E0	0.014936207082361371E0	-6.065042354779765E0	-66.95140168355934E0	0.010000000000000009E0	0.6695140173109075E0
hsa-miR-3129-3p	0.17977081244809048E0	0.33352260512290716E0	0.027863285319821202E0	-5.165490815712934E0	-35.889522305850505E0	0.010000000000000009E0	0.3588952232755085E0
hsa-miR-6834-5p	0.17992387639949023E0	0.33352260512290716E0	3116.070707719915E0	11.605512255070494E0	3116.070707719915E0	31.160707121051647E0	0.010000000000488285E0
hsa-miR-106a-3p	0.18016174034981303E0	0.33352260512290716E0	0.005699707117913629E0	-7.454896497032003E0	-175.44761148464917E0	0.010000000000000009E0	1.7544761163774945E0
hsa-miR-181a-3p	0.181800270067696E0	0.33352260512290716E0	3116.0707078582964E0	11.605512255134563E0	3116.0707078582964E0	31.160707121051647E0	0.010000000000044196E0
hsa-miR-10401-3p	0.18189066042200425E0	0.33352260512290716E0	3116.0707077907664E0	11.605512255103298E0	3116.0707077907664E0	31.160707121051647E0	0.010000000000260911E0
hsa-miR-3651	0.18229281042967338E0	0.33352260512290716E0	8082.199884322157E0	12.980532316529212E0	8082.199884322157E0	80.82199896560641E0	0.009999999999948272E0
hsa-miR-1228-5p	0.18268817312813232E0	0.33352260512290716E0	3116.070707897043E0	11.605512255152503E0	3116.070707897043E0	31.160707121051647E0	0.00999999999991985E0
hsa-miR-19b-1-5p	0.18274383939947375E0	0.33352260512290716E0	1.8418288815890773E0	0.8811390314886862E0	1.8418288815890773E0	110.79861362146715E0	60.15684449168015E0
hsa-miR-3171	0.18327232261704304E0	0.33352260512290716E0	0.0031745457239731774E0	-8.299234127001306E0	-315.00570064192567E0	0.010000000000000231E0	3.1500570094794824E0
hsa-miR-93-5p	0.18407132062180823E0	0.3339737134635203E0	1.7696363067695353E0	0.8234528900631014E0	1.7696363067695353E0	58469.42205976547E0	33040.360796431334E0
hsa-miR-346	0.18705975063963634E0	0.3368621814129014E0	0.027863285319822028E0	-5.165490815712891E0	-35.88952230584944E0	0.010000000000000009E0	0.35889522327549783E0
hsa-miR-1287-5p	0.18709376380386636E0	0.3368621814129014E0	0.009819235342021716E0	-6.6701736034241454E0	-101.84092397912795E0	0.010000000000000009E0	1.0184092405864253E0
hsa-let-7d-5p	0.18733094906955078E0	0.3368621814129014E0	2.4663580310005746E0	1.3023822450189229E0	2.4663580310005746E0	1599.537790079904E0	648.5424134415475E0
hsa-miR-5697	0.18956452476584135E0	0.33973838712795573E0	0.027863285319822028E0	-5.165490815712891E0	-35.88952230584944E0	0.010000000000000009E0	0.35889522327549783E0
hsa-miR-181a-5p	0.19005167200722276E0	0.33973838712795573E0	0.014128475533855812E0	-6.14525038287121E0	-70.77904460419087E0	0.010000000000000009E0	0.7077904465510423E0
hsa-miR-542-3p	0.19357533632466462E0	0.34501957003749045E0	0.05070064470281561E0	-4.301852097306635E0	-19.723615071594267E0	32.33479958624264E0	637.7591407773388E0
hsa-miR-449c-5p	0.19435535410091326E0	0.3453939723904793E0	0.009463552211805818E0	-6.723402473567947E0	-105.66856689948793E0	0.010000000000000009E0	1.0566856698264935E0
hsa-miR-1296-3p	0.19801987779129884E0	0.35087732731440674E0	0.007313660031548777E0	-7.095190718715372E0	-136.73044627263528E0	0.010000000000000009E0	1.367304463861929E0
hsa-miR-625-5p	0.2019674935314209E0	0.3568288661225687E0	2.2442981298639864E0	1.166264334550703E0	2.2442981298639864E0	94.63621382834587E0	42.167398598314506E0
hsa-miR-495-5p	0.20269956359796393E0	0.35687018937701914E0	1.6686398554838422E0	0.738672609719041E0	1.6686398554838422E0	47.32310691417293E0	28.360288024140026E0
hsa-miR-30b-3p	0.20316867217008516E0	0.35687018937701914E0	0.6365313858283907E0	-0.6516964431917944E0	-1.5710144421214771E0	31.16070712105165E0	48.95392091762409E0
hsa-miR-20a-3p	0.20499066843096866E0	0.3590298990438353E0	0.6564091090495688E0	-0.607332835485072E0	-1.5234401628702638E0	32.334799586242575E0	49.26013235154468E0
hsa-miR-151a-3p	0.2058323473059379E0	0.3594651367936552E0	1.6827819912745885E0	0.7508482839289521E0	1.6827819912745885E0	3725.6551132612167E0	2213.985609693772E0
hsa-miR-6720-5p	0.20779140692172546E0	0.3618436568809357E0	14.529654704080333E0	3.8609285127493607E0	14.529654704080333E0	78.47381403522459E0	5.400941426207581E0
hsa-miR-431-5p	0.21109745965947077E0	0.3647560778519233E0	1.8245148021119393E0	0.8675128554150576E0	1.8245148021119393E0	191.61061258707358E0	105.02003729748881E0
hsa-miR-139-5p	0.2111804640443657E0	0.3647560778519233E0	0.7003912563695538E0	-0.5137670214971343E0	-1.427773392237154E0	31.16070712105165E0	44.49042851340795E0
hsa-miR-29b-1-5p	0.21126960944888626E0	0.3647560778519233E0	1.8542478233263568E0	0.8908340754577332E0	1.8542478233263568E0	725.8690035057152E0	391.46277768193886E0
hsa-miR-152-3p	0.21468756489374585E0	0.36958610837340633E0	0.7314765127085247E0	-0.451116553890577E0	-1.3670978939531246E0	96.98439875872768E0	132.5871672963679E0
hsa-miR-301a-3p	0.21576169818368612E0	0.36958610837340633E0	0.29979982135167205E0	-1.7379285712918286E0	-3.3355590256572474E0	477.83743900249306E0	1593.8549827859506E0
hsa-miR-375-3p	0.2158968355844651E0	0.36958610837340633E0	9.320215535224548E0	3.2203633183993086E0	9.320215535224548E0	109.62452115627622E0	11.76201566376237E0
hsa-miR-154-5p	0.21753208894497947E0	0.37133646732579595E0	0.1218124508660274E0	-3.0372664913260268E0	-8.209341433412474E0	31.160707121051644E0	255.8088841542267E0
hsa-miR-25-3p	0.2274969070612117E0	0.3863538764555415E0	1.3546950331969188E0	0.4379681109047104E0	1.3546950331969188E0	36946.82697047992E0	27273.169284009033E0
hsa-miR-1291	0.22760451137727442E0	0.3863538764555415E0	6465.959907664292E0	12.65864884668946E0	6465.959907664292E0	64.65959917248513E0	0.010000000000005116E0
hsa-miR-628-5p	0.23246771285102127E0	0.39350679884837675E0	0.8805421574026576E0	-0.18353601778171075E0	-1.1356639674694373E0	48.497199379363856E0	55.07652185950794E0
hsa-miR-96-5p	0.23359922511628E0	0.3943206975500437E0	0.41578327263561266E0	-1.266096376544564E0	-2.405099160582123E0	762.8901729527215E0	1834.8265148568657E0
hsa-miR-656-3p	0.24115518188856058E0	0.4046207198693212E0	0.8271252689679642E0	-0.27382225130377313E0	-1.209006709766875E0	16.172399793121283E0	19.55253986354275E0
hsa-miR-487b-3p	0.2414759834420137E0	0.4046207198693212E0	0.6709738300452277E0	-0.5756715967186009E0	-1.4903710923160653E0	143.12341320770972E0	213.30699769275154E0
hsa-miR-449a	0.2417445770224437E0	0.4046207198693212E0	0.7986240000082528E0	-0.3244116668274745E0	-1.2521537043585795E0	16.172399793121283E0	20.25033031009372E0
hsa-miR-30c-1-3p	0.24237181734746469E0	0.4046207198693212E0	1.7224752438412925E0	0.78448324804187E0	1.7224752438412925E0	205.424827449813E0	119.26141067364864E0
hsa-miR-539-3p	0.24319165606882887E0	0.4048740208178854E0	0.1325904957410169E0	-2.9149507299853417E0	-7.542018712662901E0	48.49719937936385E0	365.76678535570795E0
hsa-miR-2277-5p	0.2481789334127876E0	0.4120450236935597E0	17.263542692855037E0	4.109656648683177E0	17.263542692855037E0	78.47381403522459E0	4.545637902581433E0
hsa-miR-1260b	0.2494253162087486E0	0.4127824278023283E0	64.44327532835895E0	6.009957915745889E0	64.44327532835895E0	2102.3705791579428E0	32.62358356192635E0
hsa-miR-3180	0.25033448591415286E0	0.4127824278023283E0	30.219875787571304E0	4.917425825508464E0	30.219875787571304E0	203.07664251943118E0	6.719969460829475E0
hsa-miR-335-3p	0.25069365042063785E0	0.4127824278023283E0	1.8624892696920277E0	0.8972321138396622E0	1.8624892696920277E0	141.9493207425188E0	76.21483948258273E0
hsa-miR-370-5p	0.2513477159390415E0	0.4127824278023283E0	0.9946506349392334E0	-0.007738218224579453E0	-1.0053781346664432E0	16.172399793121283E0	16.259377137102977E0
hsa-miR-136-3p	0.25585047741717026E0	0.41904159274271674E0	0.23478642633824784E0	-2.090579090274788E0	-4.259190003426085E0	161.6339979312129E0	688.4299083708806E0
hsa-miR-1197	0.25982436023742883E0	0.42440313289456033E0	0.2045725071383909E0	-2.2893158231190234E0	-4.888242384024319E0	31.160707121051644E0	152.32108930611113E0
hsa-miR-320b	0.26183832505945226E0	0.42654307791943025E0	77.30416926136637E0	6.27247432029869E0	77.30416926136637E0	393.5031626413138E0	5.090322632172104E0
hsa-miR-9903	0.2625615822762266E0	0.4265745813924754E0	1.8483425998290197E0	0.8862321925029049E0	1.8483425998290197E0	47.32310691417293E0	25.602995307061242E0
hsa-miR-190a-5p	0.2670634108669772E0	0.4327284143994336E0	1.2581700617967746E0	0.3313269386947846E0	1.2581700617967746E0	64.65959917248513E0	51.39178012043776E0
hsa-miR-329-3p	0.26888746461558743E0	0.43278297906714375E0	0.20952783057048166E0	-2.2547862120158744E0	-4.772635679362016E0	16.17239979312128E0	77.18497229392908E0
hsa-miR-655-3p	0.2690054326649675E0	0.43278297906714375E0	0.851148941670422E0	-0.2325164851763414E0	-1.1748825041566173E0	48.497199379363856E0	56.978511052960535E0
hsa-miR-487a-3p	0.26923957608632537E0	0.43278297906714375E0	1.1385580443043237E0	0.187207842722144E0	1.1385580443043237E0	16.172399793121283E0	14.20428222669005E0
hsa-miR-195-5p	0.27248766122980933E0	0.4368452981620753E0	0.21360181587025973E0	-2.227004183180795E0	-4.681608140482257E0	16.17239979312128E0	75.71283854234696E0
hsa-miR-15a-3p	0.27572000955036746E0	0.44086101790903076E0	1.2530983553513484E0	0.3254996558479376E0	1.2530983553513484E0	31.160707121051647E0	24.866928431270214E0
hsa-miR-378c	0.2774917348480096E0	0.4425262929418259E0	1.2152559140001726E0	0.28126015496826395E0	1.2152559140001726E0	31.160707121051647E0	25.6412717363014E0
hsa-miR-505-3p	0.2824569286768171E0	0.44846337298835126E0	1.2149922265478992E0	0.28094708357865134E0	1.2149922265478992E0	16.172399793121283E0	13.31070227382386E0
hsa-miR-186-3p	0.2826947334679046E0	0.44846337298835126E0	1.337854895987465E0	0.41992164946856536E0	1.337854895987465E0	32.334799586242575E0	24.169137984719207E0
hsa-miR-98-5p	0.2939219056240555E0	0.46505659218845335E0	0.6055128017063213E0	-0.7237706332947796E0	-1.6514927466141471E0	623.2990371405847E0	1029.3738388964666E0
hsa-miR-3689a-5p	0.2946915274810638E0	0.46506006680605383E0	1.5278116878491077E0	0.6114667333288506E0	1.5278116878491077E0	1493.4455463192003E0	977.5062974644593E0
hsa-miR-320d	0.29674302410977077E0	0.467081227559795E0	82.02730091820956E0	6.35803225271649E0	82.02730091820956E0	140.77522827732787E0	1.7161996871374186E0
hsa-miR-532-5p	0.304277345483997E0	0.47769966674430614E0	1.7130035545330515E0	0.7765281450599071E0	1.7130035545330515E0	4135.585570415204E0	2414.230582940394E0
hsa-miR-493-5p	0.30810680562988574E0	0.48179776457233203E0	0.675427355554047E0	-0.5661274836157796E0	-1.480544120366148E0	235.40144210567377E0	348.52222105836324E0
hsa-miR-222-5p	0.30847777665687265E0	0.48179776457233203E0	44.78059468774952E0	5.484801782242014E0	44.78059468774952E0	2351.8511308459074E0	52.51942600885923E0
hsa-miR-1185-2-3p	0.31472948082814306E0	0.49029836859088605E0	1.727108033594261E0	0.788358328759105E0	1.727108033594261E0	31.160707121051647E0	18.04212968272054E0
hsa-miR-193b-3p	0.32511992060371486E0	0.5050962119803666E0	2.0076739408321855E0	1.005524985354079E0	2.0076739408321855E0	62.311414242103304E0	31.0366205226238E0
hsa-miR-3605-3p	0.3258954107002035E0	0.5050962119803666E0	2.067190736457378E0	1.0476715101207978E0	2.067190736457378E0	62.311414242103304E0	30.14304056975758E0
hsa-miR-4662a-5p	0.3293278570975006E0	0.5091139831660342E0	1.91197505768513E0	0.9350637030316936E0	1.91197505768513E0	31.160707121051647E0	16.297653566343048E0
hsa-miR-331-3p	0.3390193115078462E0	0.5227626024777475E0	1.3530050458681322E0	0.4361672196805676E0	1.3530050458681322E0	174.27412032876134E0	128.805225710037E0
hsa-miR-3180-5p	0.34201022441567724E0	0.525232676159159E0	32.26735979414037E0	5.012003632187632E0	32.26735979414037E0	174.27412032876134E0	5.400941426207623E0
hsa-miR-548ay-3p	0.3423546321499469E0	0.525232676159159E0	2.032990697935269E0	1.0236036140644165E0	2.032990697935269E0	31.160707121051647E0	15.327520754996701E0
hsa-miR-642a-5p	0.3443785519485514E0	0.5270035416182377E0	2.291779369949252E0	1.1964681622444313E0	2.291779369949252E0	80.82199896560641E0	35.266046991284696E0
hsa-miR-33b-5p	0.34530077133187E0	0.5270837970456251E0	1.9020261722190854E0	0.9275370980759213E0	1.9020261722190854E0	16.172399793121283E0	8.502722006447023E0
hsa-let-7d-3p	0.34620157475596236E0	0.5271310409600835E0	24.331864355775984E0	4.60477496155848E0	24.331864355775984E0	363.5265479854531E0	14.940349102481093E0
hsa-miR-27b-3p	0.3487156748237349E0	0.5296283181533418E0	0.6292767882356193E0	-0.6682333668430767E0	-1.5891258325351916E0	7514.775733229728E0	11941.92424431804E0
hsa-miR-151a-5p	0.3648191862053138E0	0.551326385325516E0	1.741182169540415E0	0.8000671514919939E0	1.741182169540415E0	220.41313477774338E0	126.5882103624341E0
hsa-miR-193a-3p	0.3648215850091286E0	0.551326385325516E0	2.31364782228238E0	1.2101692777062147E0	2.31364782228238E0	31.160707121051647E0	13.46821535089899E0
hsa-miR-30d-5p	0.36723052049499366E0	0.5535863070148411E0	2.0841228662438964E0	1.0594403319809405E0	2.0841228662438964E0	1102.3005686082683E0	528.9038311153831E0
hsa-miR-543	0.37160912749033453E0	0.5587968517596593E0	2.548778779093174E0	1.349806160274475E0	2.548778779093174E0	31.160707121051647E0	12.225740174757288E0
hsa-miR-141-5p	0.3747915470775564E0	0.5621873206163347E0	2.556783574234077E0	1.3543300449777294E0	2.556783574234077E0	31.160707121051647E0	12.187463745517217E0
hsa-miR-641	0.38319959008028576E0	0.5722339082268421E0	2.379511025043838E0	1.250665138986416E0	2.379511025043838E0	16.172399793121283E0	6.796522319309602E0
hsa-miR-30e-5p	0.38337783290445193E0	0.5722339082268421E0	0.6986957925954714E0	-0.5172636422085599E0	-1.4312380446506805E0	429.35023962312914E0	614.5023974657153E0
hsa-miR-362-3p	0.3848055213160909E0	0.5729536754730985E0	0.6325343354382755E0	-0.6607843001048422E0	-1.5809418461167202E0	32.334799586242575E0	51.11943775564246E0
hsa-miR-181c-3p	0.3896351901531359E0	0.578722855962746E0	2.3661852215035286E0	1.2425630101466836E0	2.3661852215035286E0	16.172399793121283E0	6.834798748549677E0
hsa-miR-627-5p	0.3922637654492056E0	0.5787330395522929E0	1.5700458960178791E0	0.6508067329956214E0	1.5700458960178791E0	94.63621382834587E0	60.2760811395152E0
hsa-miR-219b-5p	0.39247922648585E0	0.5787330395522929E0	2.508271578013149E0	1.3266935614737294E0	2.508271578013149E0	16.172399793121283E0	6.4476270960341004E0
hsa-miR-561-3p	0.39250706147853537E0	0.5787330395522929E0	0.7017473900151291E0	-0.5109763019055047E0	-1.4250142062921543E0	16.172399793121283E0	23.045899456412545E0
hsa-miR-3180-3p	0.3951049699171548E0	0.5811495431305723E0	18.08523407924434E0	4.176740365968111E0	18.08523407924434E0	220.41313477774338E0	12.187463745517192E0
hsa-miR-128-1-5p	0.39979235437007576E0	0.5866202584703775E0	20.801358337023192E0	4.378605834893265E0	20.801358337023192E0	220.41313477774338E0	10.596093346100048E0
hsa-miR-1301-3p	0.4039675376716804E0	0.5906808354264851E0	2.9962148424372566E0	1.5831410754008155E0	2.9962148424372566E0	32.334799586242575E0	10.791882852415192E0
hsa-miR-340-3p	0.404509152973583E0	0.5906808354264851E0	2.651764354930181E0	1.4069525782112906E0	2.651764354930181E0	16.172399793121283E0	6.098731872758606E0
hsa-miR-4772-3p	0.41449137001642006E0	0.6033284872527643E0	2.436238857915749E0	1.2846555873645598E0	2.436238857915749E0	32.334799586242575E0	13.272425844583779E0
hsa-miR-431-3p	0.41532066688660924E0	0.6033284872527643E0	3.7611960238786972E0	1.9111914978985836E0	3.7611960238786972E0	64.65959917248513E0	17.191233519209234E0
hsa-miR-3689b-5p	0.41688979750327815E0	0.6033284872527643E0	1.4742356048752518E0	0.5599671070806493E0	1.4742356048752518E0	1467.8904068045517E0	995.6959402242546E0
hsa-miR-125a-5p	0.4171528649486935E0	0.6033284872527643E0	0.8851347828732651E0	-0.1760309382485225E0	-1.1297714419874758E0	14334.558275355237E0	16194.774573335286E0
hsa-miR-199b-3p	0.42312239334265317E0	0.6105051675372567E0	1.6685693963194737E0	0.7386116899028923E0	1.6685693963194737E0	128.13510587977936E0	76.79339328129907E0
hsa-miR-548e-5p	0.424284009668572E0	0.6107271018032177E0	4.27906794361998E0	2.0972965864503945E0	4.27906794361998E0	93.46212136315494E0	21.841700709510988E0
hsa-miR-365a-5p	0.4252977028934418E0	0.6107355638706772E0	18.05417364862366E0	4.174260483586237E0	18.05417364862366E0	110.79861362146715E0	6.137008301998691E0
hsa-miR-28-5p	0.42644719885784055E0	0.6109385402076866E0	0.920015191102921E0	-0.12027041203519945E0	-1.0869385741350561E0	16.172399793121283E0	17.578405171724793E0
hsa-miR-548h-5p	0.433764475762008E0	0.6199558309240021E0	0.0047542722583081886E0	-7.71655976159541E0	-210.3371337753069E0	0.010000000000000231E0	2.1033713396529983E0
hsa-miR-30a-3p	0.4362316433029571E0	0.6219043257186022E0	0.8270254876489563E0	-0.2739963031714216E0	-1.2091525774408363E0	79.6479065004155E0	96.30647143583292E0
hsa-miR-1255a	0.437180268574463E0	0.6219043257186022E0	3.833410616065408E0	1.9386285408029207E0	3.833410616065408E0	48.497199379363856E0	12.651188256512924E0
hsa-miR-34a-3p	0.4418516172832067E0	0.6270774708984151E0	3.698087062694239E0	1.8867791899770137E0	3.698087062694239E0	31.160707121051647E0	8.426169147966878E0
hsa-miR-146b-5p	0.4449437544763378E0	0.6299904561043476E0	11.881240810189198E0	3.570613605876952E0	11.881240810189198E0	174.27412032876134E0	14.6680067376858E0
hsa-miR-676-3p	0.44949374708135503E0	0.6349492091638722E0	1.1083473879109298E0	0.14841013433553435E0	1.1083473879109298E0	16.172399793121283E0	14.591453879205606E0
hsa-miR-18b-5p	0.45141957001145006E0	0.6350233222681583E0	0.9140442823179596E0	-0.1296640342725422E0	-1.0940388987107517E0	16.172399793121283E0	17.69323445944494E0
hsa-let-7g-3p	0.4516419998309838E0	0.6350233222681583E0	3.9924382263489986E0	1.9972700854751004E0	3.9924382263489986E0	31.160707121051647E0	7.80493155989603E0
hsa-miR-544a	0.4542926950803309E0	0.6372716972654642E0	2.932029018056659E0	1.5518993817797992E0	2.932029018056659E0	16.172399793121283E0	5.515770713927822E0
hsa-miR-106a-5p	0.4569948641513743E0	0.639581726733794E0	5.180942827672189E0	2.373214663362379E0	5.180942827672189E0	80.82199896560641E0	15.599863119792047E0
hsa-miR-491-5p	0.45844480858553166E0	0.6401326129097517E0	18.625027012519524E0	4.219170612854092E0	18.625027012519524E0	156.93762807044916E0	8.426169147966903E0
hsa-miR-660-5p	0.4686061419065573E0	0.6501143969833767E0	0.7960736023884948E0	-0.32902627103812415E0	-1.2561652553226936E0	1213.0891822297356E0	1523.8404823835024E0
hsa-miR-873-5p	0.46921667040555837E0	0.6501143969833767E0	3.681794260381616E0	1.8804090107670757E0	3.681794260381616E0	16.172399793121283E0	4.392532185621182E0
hsa-miR-195-3p	0.469241791553483E0	0.6501143969833767E0	6.0500991427434725E0	2.596958783969448E0	6.0500991427434725E0	113.14679855184897E0	18.70164370003144E0
hsa-miR-23a-5p	0.469884663166203E0	0.6501143969833767E0	13.636591026422876E0	3.7694111289887973E0	13.636591026422876E0	109.62452115627622E0	8.038997495451298E0
hsa-miR-3667-3p	0.47809119179643184E0	0.6599618729581724E0	4.5848017043228E0	2.196859337664034E0	4.5848017043228E0	31.160707121051647E0	6.796522319309606E0
hsa-miR-3136-5p	0.4874498955107449E0	0.6713514469988895E0	4.730907341583057E0	2.242116904847106E0	4.730907341583057E0	32.334799586242575E0	6.834798748549673E0
hsa-miR-197-3p	0.4900694635631508E0	0.6734287866650099E0	12.917003820590953E0	3.69119956163281E0	12.917003820590953E0	2095.6009190863488E0	162.2358363663493E0
hsa-miR-7706	0.5039084446199701E0	0.6907161922783681E0	1.6465904471337272E0	0.7194817612787725E0	1.6465904471337272E0	16.172399793121283E0	9.821750041068857E0
hsa-miR-3679-5p	0.5049294936952426E0	0.6907161922783681E0	0.009463552211805684E0	-6.723402473567967E0	-105.66856689948942E0	0.010000000000000009E0	1.0566856698265086E0
hsa-miR-500a-5p	0.5095510569763874E0	0.695468334521826E0	5.383569168117796E0	2.4285629597457676E0	5.383569168117796E0	31.160707121051647E0	5.788113078723182E0
hsa-miR-296-3p	0.5127277759262613E0	0.6982315330591333E0	9.045868597706109E0	3.1772590392133386E0	9.045868597706109E0	1464.3681294089793E0	161.88253378295872E0
hsa-miR-3689e	0.5154440062247934E0	0.7003566541978133E0	1.2961948743267742E0	0.37428263418680235E0	1.2961948743267742E0	1224.555212162093E0	944.7307934653427E0
hsa-miR-129-5p	0.5187886374892277E0	0.7033241931062013E0	1.4776077370520027E0	0.5632633256948536E0	1.4776077370520027E0	16.172399793121283E0	10.944988569375521E0
hsa-let-7a-3p	0.5236688443536761E0	0.7080704215712867E0	1.388964154428304E0	0.4740093675728526E0	1.388964154428304E0	175.44821279395228E0	126.31586799763875E0
hsa-miR-181d-5p	0.5257622373283265E0	0.7080704215712867E0	4.778904328100019E0	2.2566798856514945E0	4.778904328100019E0	16.172399793121283E0	3.384122945034779E0
hsa-miR-24-3p	0.5257948675034307E0	0.7080704215712867E0	0.8806133567871786E0	-0.18341936823180896E0	-1.1355721467232687E0	2113.2123060642125E0	2399.7050349308884E0
hsa-miR-579-5p	0.5270040125912809E0	0.7081251255661114E0	3.10699861193666E0	1.6355215969304506E0	3.10699861193666E0	16.172399793121283E0	5.205151919892412E0
hsa-miR-494-3p	0.5290039239386696E0	0.7083408311561831E0	3.1224183484197843E0	1.6426638456939007E0	3.1224183484197843E0	316.21344107128016E0	101.27196478028321E0
hsa-miR-3613-3p	0.5295023044781368E0	0.7083408311561831E0	5.455725915605846E0	2.4477711681654926E0	5.455725915605846E0	31.160707121051647E0	5.711560220243047E0
hsa-miR-15a-5p	0.5359603928151648E0	0.7154008767532817E0	0.10305777568364856E0	-3.278474734920108E0	-9.703295004829634E0	174.27412032876123E0	1691.0332019060966E0
hsa-miR-329-5p	0.5383104484528254E0	0.7166759246955884E0	6.075871156708478E0	2.6030912767608996E0	6.075871156708478E0	31.160707121051647E0	5.128599061412256E0
hsa-miR-503-3p	0.5426973689702471E0	0.7166759246955884E0	9.693960716006856E0	3.2770862361109843E0	9.693960716006856E0	219.23904231255244E0	22.616044014542098E0
hsa-miR-128-3p	0.543158278494566E0	0.7166759246955884E0	0.8389773833031461E0	-0.25329617508780117E0	-1.191927243691469E0	1644.7776067832467E0	1960.4552393967322E0
hsa-miR-486-5p	0.5437676351087739E0	0.7166759246955884E0	9.296681235342492E0	3.2167157893578056E0	9.296681235342492E0	47.32310691417293E0	5.090322632172189E0
hsa-miR-652-3p	0.5448571341972485E0	0.7166759246955884E0	6.220231417917542E0	2.63696825547989E0	6.220231417917542E0	62.311414242103304E0	10.017539547384054E0
hsa-miR-551a	0.5451145117740902E0	0.7166759246955884E0	3.483220456758075E0	1.8004217855305704E0	3.483220456758075E0	62.311414242103304E0	17.889023965760195E0
hsa-miR-3173-5p	0.5456622643781013E0	0.7166759246955884E0	5.261876670421277E0	2.395577434543947E0	5.261876670421277E0	16.172399793121283E0	3.0735041509993337E0
hsa-miR-330-5p	0.5463766950649536E0	0.7166759246955884E0	3.544770621683939E0	1.8256922752318794E0	3.544770621683939E0	62.311414242103304E0	17.57840517172479E0
hsa-miR-122-5p	0.5488442376113413E0	0.7180387252380765E0	1.9834122334593582E0	0.9879845592404957E0	1.9834122334593582E0	16.172399793121283E0	8.153826783171532E0
hsa-miR-363-5p	0.5511352821020961E0	0.7180387252380765E0	0.014936207082361371E0	-6.065042354779765E0	-66.95140168355934E0	0.010000000000000009E0	0.6695140173109075E0
hsa-miR-212-5p	0.5519191601964701E0	0.7180387252380765E0	6.519380314436657E0	2.7047348387236476E0	6.519380314436657E0	31.160707121051647E0	4.779703838136765E0
hsa-miR-629-3p	0.5521551913546925E0	0.7180387252380765E0	6.519380314436677E0	2.704734838723652E0	6.519380314436677E0	31.160707121051647E0	4.779703838136751E0
hsa-miR-361-5p	0.5577772348720436E0	0.7231762495461757E0	1.402716665609746E0	0.48822362877239817E0	1.402716665609746E0	2318.902028233577E0	1653.1506931893855E0
hsa-miR-664a-5p	0.5584925491544722E0	0.7231762495461757E0	6.819634002006933E0	2.7696943143728534E0	6.819634002006933E0	32.334799586242575E0	4.741427408896691E0
hsa-miR-324-3p	0.5613941411056624E0	0.725383474435035E0	8.648667953724905E0	3.1124779495657493E0	8.648667953724905E0	1074.3972441632382E0	124.22690401810041E0
hsa-miR-4521	0.569824627569779E0	0.7347100517176299E0	8.720472085494224E0	3.124406237865269E0	8.720472085494224E0	62.311414242103304E0	7.145417542585143E0
hsa-miR-130b-5p	0.5831605547393491E0	0.7488220554971091E0	5.839501157526558E0	2.545845131382491E0	5.839501157526558E0	110.79861362146715E0	18.973986064826818E0
hsa-miR-10a-5p	0.5840741927704606E0	0.7488220554971091E0	1.667569464468526E0	0.7377468597348532E0	1.667569464468526E0	2812.8918670291914E0	1686.8214048778964E0
hsa-miR-130a-5p	0.5844766208748062E0	0.7488220554971091E0	5.916228655118191E0	2.564677811941761E0	5.916228655118191E0	552.7789756421448E0	93.43434943103193E0
hsa-miR-181b-5p	0.5888305595623288E0	0.7512697982959047E0	0.014936207082354392E0	-6.065042354780439E0	-66.95140168359062E0	0.010000000000000009E0	0.6695140173112202E0
hsa-miR-4676-3p	0.5888665910735227E0	0.7512697982959047E0	6.215025523298321E0	2.6357603160179544E0	6.215025523298321E0	31.160707121051647E0	5.013769773692051E0
hsa-miR-501-5p	0.5906273231004866E0	0.7519096051472822E0	173.62007111476225E0	7.439789928017541E0	173.62007111476225E0	62.311414242103304E0	0.3588952232754892E0
hsa-miR-3064-5p	0.5918496396951379E0	0.7519096051472822E0	5.197153003434421E0	2.377721532364832E0	5.197153003434421E0	16.172399793121283E0	3.111780580239408E0
hsa-miR-150-5p	0.6071169301028095E0	0.7679223573444531E0	13.422589132603376E0	3.746591080023318E0	13.422589132603376E0	171.92593539837952E0	12.808701333588004E0
hsa-miR-450b-5p	0.6074839619237868E0	0.7679223573444531E0	1.3362839745222481E0	0.4182266283960306E0	1.3362839745222481E0	189.26242765669173E0	141.63338875263543E0
hsa-miR-5699-5p	0.6082553325500619E0	0.7679223573444531E0	3.6813642228503474E0	1.8802404925921985E0	3.6813642228503474E0	31.160707121051647E0	8.464445577206941E0
hsa-miR-374a-3p	0.6109357712995488E0	0.7686837758958961E0	0.20028612394134387E0	-2.319865621886824E0	-4.992857120210992E0	620.9508522102028E0	3100.3188846006856E0
hsa-miR-429	0.6113953465046567E0	0.7686837758958961E0	6.807385821617145E0	2.7671008795506498E0	6.807385821617145E0	16.172399793121283E0	2.3757137044483194E0
hsa-miR-889-3p	0.621088306606455E0	0.7789761932272699E0	0.17522469533285062E0	-2.5127219790606605E0	-5.706958132245203E0	159.285813000831E0	909.0374661237515E0
hsa-miR-550a-3p	0.6221526031716149E0	0.7789761932272699E0	4.245202327359695E0	2.0858333146080956E0	4.245202327359695E0	16.172399793121283E0	3.809571026790408E0
hsa-miR-487b-5p	0.6237289372310292E0	0.7793396617773272E0	7.082678154804951E0	2.8242949860239257E0	7.082678154804951E0	93.46212136315494E0	13.195872986103609E0
hsa-miR-455-3p	0.6304325664858104E0	0.7853652483163849E0	1.3096186244554846E0	0.3891467440432954E0	1.3096186244554846E0	300.0510412781589E0	229.1132973076394E0
hsa-miR-378d	0.6311433596205932E0	0.7853652483163849E0	3.438630794482601E0	1.7818342221271803E0	3.438630794482601E0	16.172399793121283E0	4.7031509796565985E0
hsa-miR-301b-5p	0.6380729548290422E0	0.7923610873491795E0	5.622467448906964E0	2.491203403591098E0	5.622467448906964E0	79.6479065004155E0	14.166005797449955E0
hsa-miR-625-3p	0.6451735642288654E0	0.7992831285861858E0	4.908117380359721E0	2.295169752268518E0	4.908117380359721E0	2932.798325652634E0	597.5403800651898E0
hsa-miR-3934-3p	0.6462850379657278E0	0.7992831285861858E0	8.661838254350076E0	3.114673232688819E0	8.661838254350076E0	32.334799586242575E0	3.7330181683102737E0
hsa-miR-629-5p	0.6519067245130844E0	0.8045936355497539E0	5.829731192113507E0	2.543429362543176E0	5.829731192113507E0	267.7262416919163E0	45.92428583575014E0
hsa-miR-1271-5p	0.6534641017143535E0	0.8048765155262159E0	0.8689082031094612E0	-0.20272432511365826E0	-1.150869558396866E0	143.12341320770972E0	164.71637935851774E0
hsa-miR-410-5p	0.6549508060109871E0	0.8050713761514365E0	15.229264280078533E0	3.928774342351428E0	15.229264280078533E0	93.46212136315494E0	6.137008301998662E0
hsa-miR-323a-3p	0.6695429468164203E0	0.8213421574306694E0	0.24395998012300485E0	-2.0352835914166008E0	-4.099032962274382E0	141.9493207425188E0	581.8549448346635E0
hsa-miR-1226-3p	0.6778981888631851E0	0.8259719605927432E0	13.248865385023706E0	3.727796909394239E0	13.248865385023706E0	62.311414242103304E0	4.703150979656662E0
hsa-miR-502-3p	0.6781929614794623E0	0.8259719605927432E0	4.846104072574473E0	2.2768253877390845E0	4.846104072574473E0	125.78692094939751E0	25.956297890451623E0
hsa-miR-126-5p	0.6786905318909867E0	0.8259719605927432E0	0.4732845927316947E0	-1.0792201374241808E0	-2.1128936275491657E0	2216.956364894534E0	4684.192976531965E0
hsa-miR-500a-3p	0.6787690369227494E0	0.8259719605927432E0	4.660448509441896E0	2.2204688027788726E0	4.660448509441896E0	415.5360247603897E0	89.1622391730163E0
hsa-miR-377-3p	0.6805593826127962E0	0.826490953633977E0	2.002093342062743E0	1.0015092374065766E0	2.002093342062743E0	141.9493207425188E0	70.90045091485524E0
hsa-miR-708-3p	0.68927538228151E0	0.834716224227226E0	2.477342098741337E0	1.3087931055964037E0	2.477342098741337E0	125.78692094939751E0	50.77494989248177E0
hsa-miR-30d-3p	0.6900871754749839E0	0.834716224227226E0	0.327009591475903E0	-1.6125951430423406E0	-3.0580142786842046E0	109.62452115627622E0	335.2333510530903E0
hsa-miR-224-5p	0.692587761473319E0	0.8349668077254149E0	0.8537448645696281E0	-0.22812309953115043E0	-1.1713101202712346E0	812.5514647972763E0	951.7497539836799E0
hsa-miR-760	0.6930500070724153E0	0.8349668077254149E0	72.97392994126024E0	6.189309245702184E0	72.97392994126024E0	96.98439875872769E0	1.3290280346218282E0
hsa-miR-182-5p	0.694700635828491E0	0.8352948121271142E0	0.8222215816091138E0	-0.28240085473956705E0	-1.2162171638002595E0	2508.1544558902688E0	3050.460498816682E0
hsa-miR-6720-3p	0.7040414864092659E0	0.8448497836911191E0	15.990456053381354E0	3.9991391804578993E0	15.990456053381354E0	64.65959917248513E0	4.043636962345673E0
hsa-miR-769-3p	0.7067035999374339E0	0.8463683430080731E0	5.783191540938689E0	2.531865885380294E0	5.783191540938689E0	328.85356346882867E0	56.863681765240415E0
hsa-miR-199a-5p	0.7081314228210897E0	0.8464056059755036E0	12.168591907009946E0	3.605090330621482E0	12.168591907009946E0	16.172399793121283E0	1.3290280346224996E0
hsa-let-7i-3p	0.715383476259993E0	0.8531250354134544E0	0.3258762001828893E0	-1.6176041037557165E0	-3.0686499948102277E0	94.63621382834586E0	290.4054171282005E0
hsa-miR-532-3p	0.7165687178637761E0	0.8531250354134544E0	3.584746774397453E0	1.8418712109148978E0	3.584746774397453E0	600.0920825563178E0	167.40152657723115E0
hsa-let-7a-2-3p	0.7223184598997566E0	0.8582842876455932E0	1.2830583593615221E0	0.35958679228780355E0	1.2830583593615221E0	315.0393486060892E0	245.53781696227702E0
hsa-miR-199b-5p	0.7269006856004969E0	0.862038777835423E0	0.3814510912940997E0	-1.3904300047234965E0	-2.6215680668455543E0	128.13510587977936E0	335.9149018709756E0
hsa-miR-376c-3p	0.7313285496326835E0	0.8655959005418089E0	0.27450833529835317E0	-1.865078138330747E0	-3.6428766321909176E0	253.91202682917685E0	924.9701893701766E0
hsa-miR-196a-5p	0.7349260297193987E0	0.8664717405829597E0	0.7880335901422505E0	-0.3436709686336098E0	-1.2689814400163917E0	2576.0514377387753E0	3268.9614631495515E0
hsa-miR-191-3p	0.7366443630935527E0	0.8664717405829597E0	3.1595797636742233E0	1.65973268714297E0	3.1595797636742233E0	759.3678955571488E0	240.3382576822696E0
hsa-miR-369-3p	0.7382799671964367E0	0.8664717405829597E0	0.40023681313078013E0	-1.321074224798506E0	-2.4985207936713287E0	160.4599054660219E0	400.91241041938736E0
hsa-miR-576-5p	0.7385963385963533E0	0.8664717405829597E0	2.9867697218745564E0	1.5785860110279146E0	2.9867697218745564E0	255.0861192943678E0	85.40535193558071E0
hsa-miR-379-5p	0.7392176400683006E0	0.8664717405829597E0	0.31820521280980035E0	-1.651970624921583E0	-3.1426260782148985E0	784.9230350717976E0	2466.7195998852076E0
hsa-miR-103a-3p	0.7419602483632971E0	0.8680075492435483E0	1.0865162440806362E0	0.11970974385135512E0	1.0865162440806362E0	10320.063256028669E0	9498.305535796619E0
hsa-miR-339-3p	0.7604852198923123E0	0.8879654012615439E0	3.1159077523760272E0	1.6396525225011103E0	3.1159077523760272E0	504.29177626278096E0	161.84425735371877E0
hsa-miR-659-5p	0.762670021335893E0	0.8888039094799061E0	15.374197243672272E0	3.9424391776769183E0	15.374197243672272E0	31.160707121051647E0	2.0268184811728496E0
hsa-miR-548b-3p	0.7664693710477359E0	0.8902491455081945E0	0.366445543917694E0	-1.448329274037452E0	-2.728918434398008E0	47.323106914172925E0	129.14089885296795E0
hsa-miR-183-5p	0.767318486593242E0	0.8902491455081945E0	1.4125280086610867E0	0.49827947464699673E0	1.4125280086610867E0	2014.1646170946542E0	1425.9289760111533E0
hsa-miR-18a-5p	0.7704253436554851E0	0.8902491455081945E0	0.4020452767189373E0	-1.3145701138322259E0	-2.4872820498251547E0	684.4263589174968E0	1702.361397224631E0
hsa-miR-200b-3p	0.7710259207332788E0	0.8902491455081945E0	23.531002584347075E0	4.5564908856005E0	23.531002584347075E0	62.311414242103304E0	2.6480560692436867E0
hsa-miR-134-5p	0.7712554478412575E0	0.8902491455081945E0	1.1565656384436018E0	0.20984714541196076E0	1.1565656384436018E0	1243.0657968855962E0	1074.7905311520963E0
hsa-miR-140-5p	0.7781081514892138E0	0.8964515965826303E0	0.397606818558505E0	-1.3305855970007636E0	-2.5150474119770587E0	240.09781196643746E0	603.8573807015941E0
hsa-miR-127-3p	0.7818175966913065E0	0.8990160599524321E0	0.6190299979263213E0	-0.691918771375269E0	-1.615430598436076E0	1741.4771108224227E0	2813.235411526444E0
hsa-miR-1307-5p	0.7850833561404028E0	0.9006273646018714E0	1.1403771882749896E0	0.18951108548661935E0	1.1403771882749896E0	678.5558965915424E0	595.0275957404223E0
hsa-miR-7-5p	0.7861912143141748E0	0.9006273646018714E0	0.838221056696843E0	-0.2545973314592184E0	-1.1930027192834731E0	6476.859869074393E0	7726.9114364540255E0
hsa-miR-1468-5p	0.8046301103806511E0	0.9200110318691973E0	20.090056988216325E0	4.328409751367749E0	20.090056988216325E0	48.497199379363856E0	2.413990133688422E0
hsa-miR-9-3p	0.8101628996393281E0	0.924592687723979E0	0.552086584451683E0	-0.8570335504142406E0	-1.8113100882412712E0	337.07221072516506E0	610.5422958135282E0
hsa-miR-337-5p	0.8151448417939618E0	0.9279264702921142E0	0.4249664790138805E0	-1.2345790476786926E0	-2.353126774423395E0	222.76131970812514E0	524.1856257868305E0
hsa-miR-95-3p	0.8161465489532952E0	0.9279264702921142E0	0.9132652517808112E0	-0.13089415269502486E0	-1.0949721321927681E0	95.81030629353678E0	104.90961536988355E0
hsa-miR-15b-3p	0.8185507596877069E0	0.9283737029781781E0	0.42055985373492644E0	-1.249616956614824E0	-2.37778283190646E0	1305.3672111276996E0	3103.879744407073E0
hsa-miR-454-5p	0.819964453610966E0	0.9283737029781781E0	2.7418042055661993E0	1.455125550787379E0	2.7418042055661993E0	192.78470505226448E0	70.31308239590965E0
hsa-miR-16-2-3p	0.8211358164955502E0	0.9283737029781781E0	0.9146786739508713E0	-0.12866308035947452E0	-1.0932801086097164E0	126.96101341458845E0	138.80395053719138E0
hsa-miR-767-5p	0.8261484529001801E0	0.932301606066125E0	2.394237686515624E0	1.2595663820791436E0	2.394237686515624E0	963.6086305417709E0	402.4699117496791E0
hsa-miR-654-3p	0.8287429494417085E0	0.9324689916857435E0	0.4842726836087387E0	-1.046108467817463E0	-2.064952316839609E0	1150.7877679876324E0	2376.3218679877277E0
hsa-miR-642a-3p	0.8293742351792339E0	0.9324689916857435E0	22.97114205511428E0	4.521750679783058E0	22.97114205511428E0	145.47159813809154E0	6.332797808313899E0
hsa-miR-17-3p	0.8330562996523819E0	0.9348742918321175E0	2.1471544357232144E0	1.1024259618716576E0	2.1471544357232144E0	252.73793436398591E0	117.7083167034715E0
hsa-miR-196b-5p	0.8453475815146277E0	0.9459844668275312E0	0.581265294735277E0	-0.7827313218895614E0	-1.720384838140776E0	304.74741113892253E0	524.2828256340915E0
hsa-miR-1304-3p	0.8461160996400068E0	0.9459844668275312E0	2.053879408589138E0	1.0383514777915734E0	2.053879408589138E0	346.1900557271409E0	168.55422681454826E0
hsa-miR-32-5p	0.8476395470088275E0	0.9459844668275312E0	0.5822894018213912E0	-0.7801917341927089E0	-1.7173590947594397E0	383.2112251741472E0	658.111282826831E0
hsa-miR-1248	0.8528188692708859E0	0.9500151374598471E0	9.638342940188721E0	3.2687851342702174E0	9.638342940188721E0	16.172399793121283E0	1.6779232578973442E0
hsa-miR-149-5p	0.8551946670816384E0	0.9509137032137117E0	1.978196098808747E0	0.9841854477127725E0	1.978196098808747E0	1076.7454290936198E0	544.3067194490893E0
hsa-miR-369-5p	0.858080027542832E0	0.9523745360640223E0	0.7804487662147017E0	-0.35762416755803716E0	-1.2813140891363772E0	236.57553457086465E0	303.1275656033083E0
hsa-miR-16-1-3p	0.8634499608768847E0	0.9565825891981576E0	1.8455194864827338E0	0.884026970801394E0	1.8455194864827338E0	158.11172053564007E0	85.67328694026125E0
hsa-miR-935	0.8658876713314064E0	0.956848530681209E0	1.7863984764698972E0	0.8370539258709523E0	1.7863984764698972E0	1491.0973613888186E0	834.6947116688534E0
hsa-miR-582-3p	0.8668479263102041E0	0.956848530681209E0	0.5987599625746328E0	-0.7399503392995999E0	-1.6701183487620956E0	79.6479065004155E0	133.02143009835328E0
hsa-miR-432-5p	0.8685995564546218E0	0.9570387840209107E0	1.8313756818972977E0	0.8729277708266636E0	1.8313756818972977E0	1383.831025162924E0	755.6237852781146E0
hsa-miR-335-5p	0.8702222510997404E0	0.9570865411369195E0	0.5965967583729067E0	-0.7451719561214399E0	-1.676174042124016E0	857.5163867810672E0	1437.3467083437758E0
hsa-miR-323b-3p	0.8732094155835126E0	0.9578946793557236E0	0.5791940064318291E0	-0.7878814215681377E0	-1.726537203243141E0	94.63621382834586E0	163.39294396378102E0
hsa-miR-374b-5p	0.8762935806353425E0	0.9578946793557236E0	0.6728583935503184E0	-0.571625180569831E0	-1.4861968128591339E0	480.1856239328748E0	713.6503439175643E0
hsa-miR-210-3p	0.8767117244033749E0	0.9578946793557236E0	0.6520446965266757E0	-0.6169572328125812E0	-1.533637195926628E0	1670.957049323983E0	2562.641883824133E0
hsa-miR-301a-5p	0.8782091814760501E0	0.9578946793557236E0	1.8686910880555123E0	0.9020280979409144E0	1.8686910880555123E0	447.8608243466323E0	239.6655215846141E0
hsa-miR-598-3p	0.8805052604720993E0	0.9578946793557236E0	0.5849122021249585E0	-0.7737080087639252E0	-1.7096582980608834E0	350.88642558790457E0	599.8958892376137E0
hsa-miR-376b-3p	0.8817610608472862E0	0.9578946793557236E0	0.6557745758110441E0	-0.6087281249379377E0	-1.5249142569506102E0	518.1059911255204E0	790.067212535128E0
hsa-miR-132-3p	0.8820218334661614E0	0.9578946793557236E0	1.7195596356514782E0	0.7820391505065951E0	1.7195596356514782E0	471.96697667653837E0	274.46967633345446E0
hsa-let-7f-2-3p	0.8843837347841048E0	0.9587415801058452E0	1.053543014615494E0	0.0752492184794661E0	1.053543014615494E0	171.92593539837952E0	163.1883397372361E0
hsa-miR-10a-3p	0.8930071072118808E0	0.9663612624471424E0	1.8379315129302725E0	0.8780830083044516E0	1.8379315129302725E0	368.2229178462168E0	200.3463759219734E0
hsa-miR-326	0.8991956037780369E0	0.9713235933859007E0	36.307787882329734E0	5.182207128897363E0	36.307787882329734E0	62.311414242103304E0	1.7161996871373972E0
hsa-miR-33a-5p	0.9088336127011538E0	0.9791203405198445E0	1.4907569424212135E0	0.5760450553757573E0	1.4907569424212135E0	268.9003341571072E0	180.37838797667519E0
hsa-miR-454-3p	0.9111561627254466E0	0.9791203405198445E0	0.6717722766383415E0	-0.5739558366499832E0	-1.4885996858997572E0	285.0627339502285E0	424.3442962485453E0
hsa-miR-376a-3p	0.912472556320248E0	0.9791203405198445E0	0.6861548310975902E0	-0.5433939370715594E0	-1.4573970111095411E0	1020.3144771774712E0	1487.0032695248235E0
hsa-miR-299-5p	0.9128762250721323E0	0.9791203405198445E0	1.3735990515506646E0	0.45796094829395945E0	1.3735990515506646E0	377.3407628481925E0	274.70953944091787E0
hsa-miR-190b-5p	0.9206399279575256E0	0.9857028203926865E0	1.4627910757047058E0	0.5487237301267296E0	1.4627910757047058E0	47.32310691417293E0	32.3512411971308E0
hsa-miR-769-5p	0.9288097481015193E0	0.992696132891571E0	1.4113061280572394E0	0.49703095854272233E0	1.4113061280572394E0	1044.4206295073773E0	740.0383295184374E0
hsa-let-7e-5p	0.9340648979995732E0	0.9965551552601078E0	1.020456958368154E0	0.029215332533921327E0	1.020456958368154E0	12509.656085917275E0	12258.876754468012E0
hsa-miR-381-3p	0.939952157233352E0	1.0E0	1.4026026036090695E0	0.48810631115751835E0	1.4026026036090695E0	3261.9167838410144E0	2325.6172313250604E0
hsa-miR-181c-5p	0.944294140703514E0	1.0E0	30.597431622975776E0	4.935338651716781E0	30.597431622975776E0	31.160707121051647E0	1.0184092405864327E0
hsa-miR-29a-5p	0.9470437933716942E0	1.0E0	1.2324646393731444E0	0.3015462548524121E0	1.2324646393731444E0	63.48550670729422E0	51.511016768272825E0
hsa-miR-126-3p	0.952115263317283E0	1.0E0	0.9228853777553166E0	-0.11577661842769685E0	-1.0835581797083458E0	7650.294802207189E0	8289.539510224182E0
hsa-miR-503-5p	0.9528472725669682E0	1.0E0	1.2595496600653637E0	0.33290800410284654E0	1.2595496600653637E0	652.1015593312543E0	517.7259618902224E0
hsa-miR-136-5p	0.9537661467793055E0	1.0E0	1.2673541555561294E0	0.34181973447740144E0	1.2673541555561294E0	156.93762807044916E0	123.8309176453553E0
hsa-miR-584-5p	0.9541153641222763E0	1.0E0	1.215130870646183E0	0.28111170170313277E0	1.215130870646183E0	268.9003341571072E0	221.2933113988479E0
hsa-miR-138-5p	0.9554287299003205E0	1.0E0	1.1909010763756327E0	0.25205357898741654E0	1.1909010763756327E0	444.33854695105947E0	373.1112144849527E0
hsa-miR-34c-5p	0.9561677924076236E0	1.0E0	0.8307042134936965E0	-0.2675932228123387E0	-1.2037979147767837E0	110.79861362146715E0	133.37914004185853E0
hsa-miR-409-3p	0.9599070422972851E0	1.0E0	1.303110139543434E0	0.38195902639098045E0	1.303110139543434E0	1468.1653015241034E0	1126.6624799442186E0
hsa-miR-194-5p	0.9656685266194378E0	1.0E0	1.417690622150859E0	0.5035427324458484E0	1.417690622150859E0	78.47381403522459E0	55.35327158441814E0
hsa-miR-409-5p	0.9672136612630585E0	1.0E0	0.9512726816889424E0	-0.07206914693342345E0	-1.0512232919635034E0	111.97270608665806E0	117.7083167034715E0
hsa-miR-485-3p	0.9716782865408969E0	1.0E0	0.8910406120549741E0	-0.16643690615356754E0	-1.1222833016485487E0	222.7613197081252E0	250.00130936649322E0
hsa-miR-362-5p	0.9778446536640099E0	1.0E0	0.991370131046109E0	-0.012504302329681487E0	-1.0087049918931736E0	111.97270608665806E0	112.94742758556447E0
hsa-miR-378a-5p	0.9802684002423889E0	1.0E0	1.0822948227177194E0	0.11409355030633926E0	1.0822948227177194E0	522.802360986284E0	483.0498585094475E0
hsa-miR-382-5p	0.9805013658916288E0	1.0E0	1.103272112672586E0	0.1417886632652948E0	1.103272112672586E0	1224.555212162093E0	1109.9303590438672E0
hsa-miR-32-3p	0.9814106862872787E0	1.0E0	0.9999215471073465E0	-1.1318803919721917E-4	-1.0000784590479928E0	126.96101341458844E0	126.97097465483482E0
hsa-miR-26a-2-3p	0.9842981620404229E0	1.0E0	0.9741145497091709E0	-0.0378366607930997E0	-1.0265733124492982E0	175.44821279395228E0	180.11045297199462E0
hsa-miR-100-3p	0.9922007255764602E0	1.0E0	0.991458909146095E0	-0.012375113456532362E0	-1.0086146695290288E0	4763.296082696999E0	4804.330304325311E0
hsa-miR-4787-3p	0.9960623892992256E0	1.0E0	47.62054134524392E0	5.573512115992452E0	47.62054134524392E0	48.497199379363856E0	1.018409240586422E0
hsa-miR-421	0.9973430344943107E0	1.0E0	1.0051980101911577E0	0.007479720491382796E0	1.0051980101911577E0	604.7884524170814E0	601.6610123427719E0
hsa-miR-455-5p	0.9995422120013675E0	1.0E0	0.9944641932618663E0	-0.008008668658437572E0	-1.0055666224843915E0	1787.6161252714048E0	1797.5671093894864E0
hsa-miR-4450	0.9999999999999867E0	1.0E0	0.9999999999989768E0	-1.4761389329586692E-12	-1.0000000000010232E0	0.01E0	0.010000000000010232E0
hsa-miR-651-5p	0.999999999999987E0	1.0E0	1.000000000001819E0	2.624246991922794E-12	1.000000000001819E0	0.01E0	0.00999999999998181E0
hsa-miR-4783-3p	0.9999999999999893E0	1.0E0	1.0E0	0.0E0	-1.0E0	0.01E0	0.010000000000003126E0
hsa-miR-6084	0.9999999999999899E0	1.0E0	0.9999999999345166E0	-9.447257136974931E-11	-1.0000000000654834E0	0.01E0	0.010000000000654834E0
hsa-let-7c-3p	0.9999999999999907E0	1.0E0	1.000000000001819E0	2.624246991922794E-12	1.000000000001819E0	0.01E0	0.00999999999998181E0
hsa-miR-20b-3p	0.9999999999999956E0	1.0E0	1.0E0	0.0E0	-1.0E0	0.01E0	0.01000000000000135E0
hsa-miR-887-3p	0.999999999999997E0	1.0E0	1.0E0	0.0E0	-1.0E0	0.01E0	0.010000000000004903E0
hsa-miR-214-5p	0.9999999999999996E0	1.0E0	1.000000000001819E0	2.624246991922794E-12	1.000000000001819E0	0.01E0	0.00999999999998181E0
hsa-miR-125b-2-3p	1.0E0	1.0E0	1.0000000000046612E0	6.724632916792603E-12	1.0000000000046612E0	0.01E0	0.009999999999953388E0
hsa-miR-651-3p	1.0E0	1.0E0	1.0E0	0.0E0	-1.0E0	0.01E0	0.009999999999998685E0
hsa-miR-181b-3p	1.0E0	1.0E0	1.0000000000025295E0	3.649343473141339E-12	1.0000000000025295E0	0.01E0	0.009999999999974704E0
hsa-miR-18b-3p	1.0E0	1.0E0	1.0E0	0.0E0	-1.0E0	0.01E0	0.01000000000000135E0
hsa-miR-99a-3p	1.0E0	1.0E0	1.0000000000131877E0	1.9025790691332105E-11	1.0000000000131877E0	0.01E0	0.009999999999868123E0
hsa-miR-2682-3p	1.0E0	1.0E0	1.0E0	0.0E0	-1.0E0	0.01E0	0.009999999999999573E0
hsa-miR-1250-5p	1.0E0	1.0E0	1.0E0	0.0E0	-1.0E0	0.01E0	0.00999999999999602E0
hsa-miR-214-3p	1.0E0	1.0E0	1.00000000000324E0	4.674439954359155E-12	1.00000000000324E0	0.01E0	0.009999999999967599E0
