microRNA ID	P-value (EV CL1-0 vs. CE CL1-0)	FDR step up (EV CL1-0 vs. CE CL1-0)	Ratio (EV CL1-0 vs. CE CL1-0)	Log2(Ratio) (EV CL1-0 vs. CE CL1-0)	Fold change (EV CL1-0 vs. CE CL1-0)	LSMean(EV CL1-0) (EV CL1-0 vs. CE CL1-0)	LSMean(CE CL1-0) (EV CL1-0 vs. CE CL1-0)
hsa-miR-651-5p	2.338623868387804E-9	1.1469911612338042E-6	2.6733040927881686E-5	-15.191016518560145E0	-37406.89294187377E0	0.009999999999990905E0	374.06893008355553E0
hsa-miR-6084	3.785449377009255E-9	1.1469911612338042E-6	213179.621902708E0	17.70171001016513E0	213179.621902708E0	2131.7962234442844E0	0.009999999999999998E0
hsa-miR-4450	6.687233591749056E-9	1.1637831393550344E-6	2.450263210900525E-4	-11.994775645560615E0	-4081.194198040782E0	0.010000000000005116E0	40.811942037730205E0
hsa-miR-18b-3p	7.68173689343257E-9	1.1637831393550344E-6	0.0010809661823020923E0	-9.853462895158652E0	-925.0983207174329E0	0.009999999999999787E0	9.250983217844107E0
hsa-let-7c-3p	1.1386141006641457E-8	1.3800002900049447E-6	2.2980924863182526E-5	-15.409203614282319E0	-43514.34965970793E0	0.009999999999990905E0	435.14349738155613E0
hsa-miR-4783-3p	4.9106657544471466E-8	4.626477541723023E-6	9.904217064596495E-4	-9.979669445996338E0	-1009.6709244939602E0	0.009999999999999787E0	10.096709256733973E0
hsa-miR-1286	5.3441159722873206E-8	4.626477541723023E-6	4.734088671160126E-4	-11.04462565103397E0	-2112.33897263471E0	0.00999999999999801E0	21.123389753651615E0
hsa-miR-556-3p	1.6148184297688559E-7	9.416883234859619E-6	4.931534595663202E-4	-10.985675725025748E0	-2027.766368869036E0	0.00999999999999801E0	20.27766371476175E0
hsa-miR-4677-3p	1.8243576196119564E-7	9.416883234859619E-6	4.658067880263565E-4	-11.06798071599765E0	-2146.8128539668633E0	0.00999999999999801E0	21.468128567477436E0
hsa-miR-338-3p	1.8658482409113802E-7	9.416883234859619E-6	3.093037656406883E-5	-14.980616076709355E0	-32330.67654150965E0	0.009999999999990905E0	323.30676598173454E0
hsa-miR-196a-3p	1.8873761209166535E-7	9.416883234859619E-6	0.0010611934424795753E0	-9.880096618920106E0	-942.3352613859059E0	0.009999999999999787E0	9.423352624757019E0
hsa-miR-3143	1.9740928455862944E-7	9.416883234859619E-6	8.859613500154847E-4	-10.140468616838273E0	-1128.7174096054214E0	0.00999999999999801E0	11.287174109449662E0
hsa-miR-491-3p	2.1448550041481987E-7	9.416883234859619E-6	8.415803635248245E-4	-10.214611336725149E0	-1188.2406521602527E0	0.00999999999999801E0	11.882406535807506E0
hsa-miR-1278	2.6040281242741935E-7	9.416883234859619E-6	4.6957706168361985E-4	-11.056350443425915E0	-2129.575913300798E0	0.00999999999999801E0	21.29575916056453E0
hsa-miR-182-3p	2.7697985336795363E-7	9.416883234859619E-6	4.658067880266875E-4	-11.067980715996626E0	-2146.8128539653376E0	0.010000000000005116E0	21.468128567477436E0
hsa-miR-744-3p	2.7942262941852253E-7	9.416883234859619E-6	3.981264599088016E-4	-11.29448562188393E0	-2511.764729802357E0	0.010000000000005116E0	25.11764733124361E0
hsa-miR-3065-3p	3.0885003063309695E-7	9.416883234859619E-6	1.294891885183377E-4	-12.914880732001414E0	-7722.652458034242E0	0.009999999999990905E0	77.22652469701852E0
hsa-miR-570-3p	3.2733965786739937E-7	9.416883234859619E-6	4.695770616839535E-4	-11.05635044342489E0	-2129.575913299285E0	0.010000000000005116E0	21.295759160564526E0
hsa-miR-548a-5p	3.422990683519792E-7	9.416883234859619E-6	0.0018688197537847855E0	-9.063656855686437E0	-535.0970835869924E0	0.00999999999999801E0	5.350970841545909E0
hsa-miR-548n	3.4253955483574106E-7	9.416883234859619E-6	5.260645346234262E-4	-10.892472587502924E0	-1900.907463218048E0	0.010000000000005116E0	19.009074656426947E0
hsa-miR-580-3p	3.499855222331503E-7	9.416883234859619E-6	3.264667842504489E-4	-11.580776164607297E0	-3063.0987538164077E0	0.010000000000005116E0	30.630987579702428E0
hsa-miR-652-5p	3.542805274728351E-7	9.416883234859619E-6	3.2933332833625577E-4	-11.568163860351115E0	-3036.4372930363747E0	0.010000000000005116E0	30.36437297149572E0
hsa-miR-1284	3.5740645940886343E-7	9.416883234859619E-6	0.0014358947572672392E0	-9.443834272780197E0	-696.4298706008066E0	0.009999999999999787E0	6.96429871370653E0
hsa-miR-1277-3p	4.919152765519954E-7	1.1694586767937575E-5	2.1171633332892658E-4	-12.205579805982543E0	-4723.301146758387E0	0.009999999999990905E0	47.23301153502331E0
hsa-miR-7974	5.169617022639781E-7	1.1694586767937575E-5	1.10104723158617E-4	-13.148836022078953E0	-9082.262516199226E0	0.010000000000019327E0	90.82262530195516E0
hsa-miR-579-3p	5.260495274267959E-7	1.1694586767937575E-5	3.151868975032346E-4	-11.63150481715365E0	-3172.720718791102E0	0.010000000000005116E0	31.727207231124318E0
hsa-miR-12135	5.877037272444565E-7	1.1694586767937575E-5	8.533486480959442E-6	-16.838433273135262E0	-117185.39687515477E0	0.009999999999990905E0	1171.8539710602145E0
hsa-miR-582-5p	5.889855425151186E-7	1.1694586767937575E-5	1.4584246821802601E-4	-12.743301496879198E0	-6856.7133580395675E0	0.009999999999990905E0	68.56713368261191E0
hsa-miR-3662	5.950044030910387E-7	1.1694586767937575E-5	2.325344465468407E-4	-12.070267933516881E0	-4300.438127985329E0	0.009999999999990905E0	43.00438134057398E0
hsa-miR-545-5p	6.019612146407321E-7	1.1694586767937575E-5	3.6827206272970647E-4	-11.406940421600545E0	-2715.3838186578673E0	0.010000000000005116E0	27.153838222849167E0
hsa-miR-4497	6.072359819579192E-7	1.1694586767937575E-5	1000000.0E0	19.931568569324174E0	1000000.0E0	114306.0100905442E0	0.010000000000218279E0
hsa-miR-22-5p	6.360200589583904E-7	1.1694586767937575E-5	8.126599719834938E-4	-10.265060544280733E0	-1230.5269540460538E0	0.010000000000005116E0	12.305269555252444E0
hsa-miR-33a-3p	6.368339329074918E-7	1.1694586767937575E-5	1.1749893510696196E-4	-13.055064697847403E0	-8510.715429800935E0	0.009999999999990905E0	85.10715442798838E0
hsa-miR-1247-3p	6.856456510116842E-7	1.2220625426855313E-5	0.0028676718392440384E0	-8.445904345344347E0	-348.71493534058453E0	0.009999999999999787E0	3.4871493568532648E0
hsa-miR-98-3p	7.172202891137242E-7	1.2418157005797625E-5	0.0010156186267901734E0	-9.943425524804892E0	-984.6215632736714E0	0.010000000000005116E0	9.846215644201948E0
hsa-miR-450a-1-3p	8.022769761003153E-7	1.3504995764355308E-5	8.295467339668654E-4	-10.235389119329119E0	-1205.4775928271488E0	0.010000000000005116E0	12.054775942720417E0
hsa-miR-1294	8.6606728748048E-7	1.4184777735491104E-5	0.0012933430726990087E0	-9.594679268887084E0	-773.1900538293783E0	0.009999999999999787E0	7.731900546977286E0
hsa-miR-573	9.656970116147695E-7	1.540032602733027E-5	0.0010337150050060884E0	-9.917945794887059E0	-967.384622606025E0	0.00999999999999801E0	9.673846237289041E0
hsa-miR-651-3p	1.1466842352482409E-6	1.7381358590647673E-5	0.001589587041331201E0	-9.297132268086312E0	-629.0942074883482E0	0.009999999999999787E0	6.290942081729575E0
hsa-miR-4508	1.1472843954222885E-6	1.7381358590647673E-5	314888.08815178776E0	18.264479657475754E0	314888.08815178776E0	3148.880888247108E0	0.009999999999990905E0
hsa-miR-942-5p	1.316647771825273E-6	1.908968100390593E-5	4.202928194634943E-5	-14.53824566561026E0	-23792.935631793673E0	0.009999999999990905E0	237.9293567226191E0
hsa-miR-499a-5p	1.3230471982905098E-6	1.908968100390593E-5	7.798865535538472E-4	-10.324448102406292E0	-1282.2377760497636E0	0.00999999999999801E0	12.822377775991171E0
hsa-miR-4467	1.3791255483802257E-6	1.943604842600969E-5	0.004887129568414427E0	-7.67679693059295E0	-204.61908897668914E0	0.009999999999999787E0	2.046190891605555E0
hsa-miR-183-3p	1.4395948922421636E-6	1.9556286298889653E-5	4.303350988089214E-4	-11.182251865982947E0	-2323.770482044791E0	0.010000000000005116E0	23.23770485087628E0
hsa-miR-4791	1.4973549868448506E-6	1.9556286298889653E-5	0.0021378419772039208E0	-8.869629067305176E0	-467.76142047126325E0	0.009999999999999787E0	4.6776142095689535E0
hsa-miR-134-5p	1.5063318518499289E-6	1.9556286298889653E-5	26475.781260962307E0	14.692385636182017E0	26475.781260962307E0	264.75781305869396E0	0.009999999999763531E0
hsa-miR-664a-3p	1.5167416766465572E-6	1.9556286298889653E-5	0.002029176384011602E0	-8.944890009375886E0	-492.8107816941173E0	0.009999999999999787E0	4.9281078221009755E0
hsa-miR-3131	1.5669909740406744E-6	1.9783261047263514E-5	0.0032634026029451993E0	-8.259407302306602E0	-306.4286334445853E0	0.009999999999999787E0	3.0642863374083316E0
hsa-miR-3688-3p	1.6772814663969037E-6	2.0743521808908644E-5	7.915220166606542E-4	-10.303082899199147E0	-1263.388735816714E0	0.009999999999999787E0	12.633887373403573E0
hsa-miR-1277-5p	1.929478316308965E-6	2.301468895944841E-5	4.320875169269665E-4	-11.176388827695405E0	-2314.3459619293394E0	0.010000000000005116E0	23.143459649582482E0
hsa-miR-6505-5p	1.9368797639139752E-6	2.301468895944841E-5	0.0015287163977964022E0	-9.353463496957847E0	-654.1435687099774E0	0.009999999999999787E0	6.541435694261597E0
hsa-miR-361-3p	2.011128773647239E-6	2.343171034086666E-5	7.172335859865532E-5	-13.767197427388169E0	-13942.459186772498E0	0.009999999999990905E0	139.42459209228173E0
hsa-miR-188-3p	2.0610307527485654E-6	2.343171034086666E-5	3.6241309160554456E-4	-11.430077308124305E0	-2759.28222010372E0	0.010000000000005116E0	27.59282223796879E0
hsa-miR-3684	2.1236753879741983E-6	2.343171034086666E-5	0.001120779027029839E0	-9.801282420464467E0	-892.2365389456709E0	0.009999999999999787E0	8.922365399692975E0
hsa-miR-30c-1-3p	2.1384290864003535E-6	2.343171034086666E-5	4.982652195454535E-5	-14.292726601480044E0	-20069.632813469463E0	0.009999999999990905E0	200.69632847028163E0
hsa-miR-32-3p	2.2159515365477313E-6	2.343171034086666E-5	7.221859142305469E-5	-13.757270192710097E0	-13846.849963356737E0	0.009999999999990905E0	138.46849985642336E0
hsa-miR-101-2-5p	2.2407524676537513E-6	2.343171034086666E-5	0.004050134330622377E0	-7.947814526070045E0	-246.90539087535197E0	0.009999999999999787E0	2.469053911050488E0
hsa-miR-153-3p	2.242638943515291E-6	2.343171034086666E-5	4.19303768673235E-4	-11.219716582463757E0	-2384.9058241575303E0	0.010000000000005116E0	23.849058272908813E0
hsa-miR-545-3p	2.333980508715652E-6	2.3972748953926865E-5	7.452892028722919E-4	-10.389912020299898E0	-1341.761018603343E0	0.00999999999999801E0	13.417610202349017E0
hsa-miR-2278	2.462573460719099E-6	2.41147214312141E-5	0.0010809661823020923E0	-9.853462895158652E0	-925.0983207174329E0	0.009999999999999787E0	9.250983217844107E0
hsa-miR-29b-1-5p	2.4671406906763233E-6	2.41147214312141E-5	5.46083760113694E-5	-14.160518221033925E0	-18312.209097589737E0	0.010000000000218279E0	183.12209128342784E0
hsa-miR-10523-5p	2.467182720685271E-6	2.41147214312141E-5	0.0014894683209143104E0	-9.390986845026202E0	-671.3805093794474E0	0.009999999999999787E0	6.713805101174508E0
hsa-miR-16-2-3p	2.6299526619282083E-6	2.529763989092848E-5	1.2028922347673287E-4	-13.021204980036964E0	-8313.296661969278E0	0.009999999999990905E0	83.13296674632723E0
hsa-miR-181b-2-3p	2.7089096971293575E-6	2.5649988694693605E-5	1.2821070506658863E-4	-12.929195653460967E0	-7799.66071850733E0	0.009999999999990905E0	77.99660730304362E0
hsa-miR-192-3p	2.783675389792039E-6	2.5952419787907318E-5	1.7830596396816475E-4	-12.453357420594408E0	-5608.337364298946E0	0.010000000000005116E0	56.08337372477186E0
hsa-miR-589-3p	3.154668919913245E-6	2.896559644647616E-5	1.0565852840844493E-4	-13.208303157984197E0	-9464.451332639168E0	0.009999999999990905E0	94.64451347263423E0
hsa-miR-374b-3p	3.3131961978082142E-6	2.9687795881597265E-5	2.1718490620941407E-5	-15.490716631393468E0	-46043.71535081632E0	0.009999999999990905E0	460.4371543426331E0
hsa-miR-561-5p	3.331303828298043E-6	2.9687795881597265E-5	3.217149569838519E-5	-14.923857463951856E0	-31083.41649313475E0	0.009999999999990905E0	310.83416547406057E0
hsa-miR-1226-5p	3.4352597279319184E-6	3.0170541958358586E-5	41808.50125519288E0	15.35150870634561E0	41808.50125519288E0	418.0850133040175E0	0.010000000000019327E0
hsa-miR-5000-3p	3.540302000044641E-6	3.064890017181503E-5	7.367101939731069E-4	-10.406615173991888E0	-1357.3858597055116E0	0.00999999999999801E0	13.573858613587237E0
hsa-miR-105-5p	3.615588292159528E-6	3.085980993026302E-5	1.4918263598365429E-4	-12.710632755739889E0	-6703.192991639915E0	0.009999999999990905E0	67.03193001607036E0
hsa-miR-450a-5p	3.748784789705292E-6	3.114944915129145E-5	0.0018965087932671602E0	-9.042438223879651E0	-527.284663034584E0	0.009999999999999787E0	5.272846635926797E0
hsa-miR-20b-3p	3.752326382911347E-6	3.114944915129145E-5	9.436012843865259E-4	-10.049534997240821E0	-1059.769646933176E0	0.009999999999999787E0	10.597696481798017E0
hsa-miR-3940-3p	4.072654264662707E-6	3.335173627548109E-5	0.0025575366642565066E0	-8.611029362399444E0	-391.00123723571596E0	0.009999999999999787E0	3.910012376298198E0
hsa-miR-3611	4.171112954105089E-6	3.3546345824211966E-5	6.550800186486227E-4	-10.576041235561112E0	-1526.5310672472035E0	0.00999999999999801E0	15.265310691366972E0
hsa-miR-125a-3p	4.227913245830362E-6	3.3546345824211966E-5	1.693668978702565E-4	-12.5275604467035E0	-5904.341477435868E0	0.009999999999990905E0	59.0434148608864E0
hsa-miR-18a-3p	4.262489485914722E-6	3.3546345824211966E-5	2.6496007891983997E-4	-11.88193737188473E0	-3774.153465218948E0	0.009999999999990905E0	37.741534704647165E0
hsa-miR-6126	4.35691383020588E-6	3.3849868988522606E-5	1000000.0E0	19.931568569324174E0	1000000.0E0	51621.37467187552E0	0.010000000000218279E0
hsa-miR-6844	4.54571234160968E-6	3.486964150652489E-5	0.0034579139892019217E0	-8.175882300266938E0	-289.1916927727857E0	0.009999999999999787E0	2.8919169304954204E0
hsa-miR-450b-5p	4.6755178358379536E-6	3.54170476064725E-5	8.407869390087008E-5	-13.537900216142585E0	-11893.619579521699E0	0.009999999999990905E0	118.93619598358305E0
hsa-let-7a-3p	5.182506487330353E-6	3.8370291154765364E-5	1.537096071274164E-4	-12.667505040663059E0	-6505.774223800193E0	0.009999999999990905E0	65.05774233440928E0
hsa-miR-365a-3p	5.1920195951992734E-6	3.8370291154765364E-5	1.762285143640207E-5	-15.792193098400437E0	-56744.50605277092E0	0.009999999999990905E0	567.4450615761389E0
hsa-miR-5009-5p	5.457399179953456E-6	3.9497865502904505E-5	0.0013681691978549649E0	-9.513537629137101E0	-730.9037519393173E0	0.009999999999999787E0	7.309037527532352E0
hsa-miR-26a-1-3p	5.474951653867951E-6	3.9497865502904505E-5	1.4061147334286714E-4	-12.795998062098263E0	-7111.79519157444E0	0.009999999999990905E0	71.11795202220185E0
hsa-miR-7-1-3p	5.561639893197283E-6	3.9593283228492E-5	3.33352962665125E-5	-14.872589925353099E0	-29998.233464166504E0	0.009999999999763531E0	299.98233515681E0
hsa-miR-19b-1-5p	5.653760777637561E-6	3.9593283228492E-5	3.039370389225465E-4	-11.683939881675762E0	-3290.155104310383E0	0.010000000000019327E0	32.90155108816532E0
hsa-miR-548e-3p	5.684184225872615E-6	3.9593283228492E-5	3.6573329764115313E-4	-11.416920398878073E0	-2734.2328588882574E0	0.010000000000005116E0	27.342328625436764E0
hsa-miR-3200-3p	5.883081234754996E-6	4.051303668479008E-5	1.258378807284561E-4	-12.956146100316177E0	-7946.732686621502E0	0.010000000000019327E0	79.46732698688638E0
hsa-miR-544b	6.223799258934371E-6	4.2377779223755376E-5	0.0037858377115892344E0	-8.045171716648372E0	-264.14233154759717E0	0.009999999999999787E0	2.6414233179633984E0
hsa-miR-151a-5p	6.425804050592721E-6	4.326708060732432E-5	8.972540993113064E-5	-13.444123865096955E0	-11145.11486509292E0	0.009999999999990905E0	111.45114882621743E0
hsa-miR-26b-3p	6.591171147178852E-6	4.3892854013081145E-5	9.060695391719257E-4	-10.108090600835828E0	-1103.6680483861307E0	0.00999999999999801E0	11.03668049691764E0
hsa-miR-450a-2-3p	6.893183805223822E-6	4.540510202136561E-5	0.0016343681022197567E0	-9.257051332121996E0	-611.8572668187942E0	0.00999999999999801E0	6.118572674816663E0
hsa-miR-193b-5p	7.0587534867882015E-6	4.5603908986319676E-5	2.279658038670294E-4	-12.098894951174785E0	-4386.6228313054E0	0.009999999999990905E0	43.866228375138576E0
hsa-miR-548l	7.073873671145297E-6	4.5603908986319676E-5	0.002350313699525765E0	-8.732930956575617E0	-425.47511857747975E0	0.009999999999999787E0	4.25475119012402E0
hsa-miR-1180-3p	7.499784748267072E-6	4.774390897889215E-5	2.3897056211366E-4	-12.030879470583521E0	-4184.615842031524E0	0.009999999999990905E0	41.84615847920759E0
hsa-miR-627-5p	7.563391521408657E-6	4.774390897889215E-5	2.466375448917211E-4	-11.98531994596386E0	-4054.5327372562856E0	0.010000000000019327E0	40.545327429523496E0
hsa-miR-4746-5p	7.83162166017396E-6	4.892745078417958E-5	0.0011449671554436933E0	-9.770478070932127E0	-873.3874987116848E0	0.009999999999999787E0	8.733874997105373E0
hsa-miR-4766-3p	8.005601858293538E-6	4.928795534314375E-5	7.649428893559659E-4	-10.352360339350165E0	-1307.2871372684272E0	0.00999999999999801E0	13.072871388523193E0
hsa-miR-551b-3p	8.051992704572988E-6	4.928795534314375E-5	0.0017041351871066712E0	-9.19674449720146E0	-586.8079055968724E0	0.00999999999999801E0	5.868079062284641E0
hsa-miR-3912-3p	8.226501165716495E-6	4.9852597064241956E-5	0.005336687667703546E0	-7.549839705309017E0	-187.38214830367139E0	0.009999999999999787E0	1.8738214846926438E0
hsa-miR-941	9.762553069945204E-6	5.8575318419671226E-5	6.889980186509596E-4	-10.503212545366683E0	-1451.382983594023E0	0.009999999999990905E0	14.513829853770972E0
hsa-miR-3140-3p	1.0068068341175532E-5	5.98161707328664E-5	0.004050134330622377E0	-7.947814526070045E0	-246.90539087535197E0	0.009999999999999787E0	2.469053911050488E0
hsa-miR-548k	1.0405748648274048E-5	6.122217165877741E-5	5.430697128683796E-4	-10.846574973501498E0	-1841.384220670696E0	0.009999999999990905E0	18.4138422300691E0
hsa-miR-19a-5p	1.1532534460046777E-5	6.719919118065718E-5	0.0032634026029451993E0	-8.259407302306602E0	-306.4286334445853E0	0.009999999999999787E0	3.0642863374083316E0
hsa-miR-3115	1.1989230985966446E-5	6.919499026186349E-5	0.0012381387312940591E0	-9.657611309579638E0	-807.6639351672935E0	0.009999999999999787E0	8.076639360803108E0
hsa-miR-335-3p	1.236593312491828E-5	7.069580635566488E-5	4.4164788303932193E-4	-11.144815783342766E0	-2264.247239493652E0	0.010000000000019327E0	22.642472424518445E0
hsa-miR-147b-3p	1.3129593599056332E-5	7.436012823390781E-5	0.0010319952349881819E0	-9.920347975213701E0	-968.9967221713497E0	0.00999999999999801E0	9.68996723296373E0
hsa-miR-29b-2-5p	1.358211889682052E-5	7.62107782543818E-5	0.001189731592795349E0	-9.71514815097755E0	-840.5257169395976E0	0.009999999999999787E0	8.40525717895424E0
hsa-miR-767-3p	1.3732712375699696E-5	7.634884128141299E-5	5.918995163855432E-4	-10.72236010152753E0	-1689.4759538013107E0	0.009999999999990905E0	16.894759559202285E0
hsa-miR-4458	1.4841031752223183E-5	8.176059310770226E-5	0.0013366469834883562E0	-9.547165793366005E0	-748.1406926084693E0	0.009999999999999787E0	7.481406934445264E0
hsa-miR-9903	1.5593593924567203E-5	8.439862330724084E-5	3.9663821350627727E-4	-11.299888701024074E0	-2521.1892499212604E0	0.009999999999990905E0	25.211892532537405E0
hsa-miR-101-5p	1.5608978842700444E-5	8.439862330724084E-5	0.004050134330622377E0	-7.947814526070045E0	-246.90539087535197E0	0.009999999999999787E0	2.4690539110504877E0
hsa-miR-624-3p	1.5909186555227578E-5	8.439862330724084E-5	0.0010719139096198342E0	-9.865595243747023E0	-932.9107412690081E0	0.009999999999999787E0	9.329107423463217E0
hsa-miR-488-3p	1.600700344927773E-5	8.439862330724084E-5	0.002350313699525765E0	-8.732930956575617E0	-425.47511857747975E0	0.009999999999999787E0	4.25475119012402E0
hsa-miR-190a-3p	1.601624039658861E-5	8.439862330724084E-5	0.0019310232959186152E0	-9.016418715555538E0	-517.8601429167563E0	0.009999999999999787E0	5.178601434632997E0
hsa-miR-2355-3p	1.6330327755503654E-5	8.530417914867935E-5	0.0016343681022185955E0	-9.257051332123021E0	-611.8572668192289E0	0.009999999999990905E0	6.118572674816662E0
hsa-let-7a-2-3p	1.64696187465272E-5	8.530417914867935E-5	4.7130606376069253E-4	-11.051048136555607E0	-2121.763492751822E0	0.009999999999990905E0	21.217634954945424E0
hsa-miR-138-1-3p	1.9955454751820484E-5	1.0248309813223061E-4	0.0021027228870480505E0	-8.893525551484476E0	-475.5738410228035E0	0.010000000000019327E0	4.755738415188063E0
hsa-miR-3157-5p	2.0786929961396376E-5	1.0585613072778322E-4	8.295467339656858E-4	-10.23538911933117E0	-1205.477592828863E0	0.009999999999990905E0	12.054775942720418E0
hsa-miR-1257	2.2054856280526515E-5	1.113770242166589E-4	0.006891996048072994E0	-7.180862410352146E0	-145.09584640281395E0	0.009999999999999787E0	1.4509584652477105E0
hsa-miR-887-3p	2.2481695214287614E-5	1.1259427520544044E-4	7.8950717493002E-4	-10.306760002395004E0	-1266.612934947219E0	0.009999999999999787E0	12.666129364752951E0
hsa-miR-576-3p	2.34193480706873E-5	1.1632889287570905E-4	0.0037858377115892344E0	-8.045171716648372E0	-264.14233154759717E0	0.009999999999999787E0	2.6414233179633984E0
hsa-miR-27b-5p	2.507374004360114E-5	1.23483139199683E-4	0.0012262771237802506E0	-9.67149923717946E0	-815.476355717454E0	0.010000000000019327E0	8.154763566422218E0
hsa-miR-1268b	2.5267176997954935E-5	1.23483139199683E-4	0.0040501343306187905E0	-7.947814526071322E0	-246.90539087557062E0	0.009999999999990905E0	2.46905391105048E0
hsa-miR-1306-5p	2.5715396112456584E-5	1.246682403531895E-4	0.0017557074738331748E0	-9.153731793550813E0	-569.5709649265973E0	0.010000000000005116E0	5.695709655371736E0
hsa-miR-424-3p	3.1192271036892036E-5	1.5001997022505217E-4	3.9714610005639516E-4	-11.298042543334489E0	-2517.965050791129E0	0.009999999999990905E0	25.17965054118804E0
hsa-let-7b-3p	3.241172218822822E-5	1.546575090241441E-4	0.009726723378300947E0	-6.683830395586031E0	-102.8095444999361E0	0.009999999999990905E0	1.0280954458027765E0
hsa-miR-194-3p	3.428492702647092E-5	1.6231770139094826E-4	5.375669928166109E-4	-10.861267821718672E0	-1860.2332609010214E0	0.00999999999999801E0	18.602332632656704E0
hsa-miR-7704	3.4881495996776156E-5	1.638619114267159E-4	62695.03047908908E0	15.936063471901939E0	62695.03047908908E0	176410.82097703166E0	2.8137927248762935E0
hsa-miR-625-5p	3.520569035505712E-5	1.6411267965511244E-4	5.208993943786846E-4	-10.906707619802697E0	-1919.75650344684E0	0.010000000000019327E0	19.19756505901455E0
hsa-miR-548u	4.1524727228715606E-5	1.9209148626413478E-4	0.001613762977890526E0	-9.275355586921709E0	-619.669687370804E0	0.009999999999999787E0	6.196696880435775E0
hsa-miR-643	4.265406959620741E-5	1.952505401485066E-4	0.0018965087932671602E0	-9.042438223879651E0	-527.284663034584E0	0.009999999999999787E0	5.272846635926797E0
hsa-miR-597-5p	4.2852016237213494E-5	1.952505401485066E-4	0.003785837711589231E0	-8.045171716648374E0	-264.1423315475974E0	0.009999999999999787E0	2.6414233179633992E0
hsa-miR-328-3p	4.52044924673017E-5	2.0443225697899128E-4	5.192224391073331E-4	-10.911359646271453E0	-1925.956824437784E0	0.009999999999990905E0	19.259568268959015E0
hsa-miR-874-3p	4.571509995540488E-5	2.052100042442619E-4	0.0011428576675557467E0	-9.77313854436228E0	-874.9995982778158E0	0.009999999999990905E0	8.749995992780072E0
hsa-miR-3163	4.632841740762549E-5	2.0643397756633122E-4	0.006160185000264316E0	-7.34281060663864E0	-162.33278707653957E0	0.009999999999999787E0	1.6233278721606212E0
hsa-miR-200c-5p	4.786407213590141E-5	2.117199103237683E-4	0.0017557074738322406E0	-9.15373179355158E0	-569.5709649269004E0	0.009999999999999787E0	5.695709655371731E0
hsa-miR-708-5p	5.019616403632749E-5	2.2042663337691636E-4	0.002350313699470054E0	-8.732930956609813E0	-425.4751185875651E0	0.009999999999763531E0	4.254751190124352E0
hsa-miR-628-3p	5.103373051564866E-5	2.2249237908261214E-4	3.5143617090201053E-4	-11.474449693907728E0	-2845.466923434087E0	0.009999999999990905E0	28.454669272533344E0
hsa-miR-33b-3p	5.3047929356977845E-5	2.296217513594898E-4	0.0010319952349874479E0	-9.920347975214728E0	-968.9967221720389E0	0.009999999999990905E0	9.689967232963738E0
hsa-miR-146a-5p	5.612557869950104E-5	2.4121482813644143E-4	219.36541085815003E0	7.777192251899583E0	219.36541085815003E0	9908.090557000562E0	45.167059424822696E0
hsa-miR-124-5p	5.6522286461014325E-5	2.4121482813644143E-4	0.0012677245402230308E0	-9.62354298368511E0	-788.8148949329875E0	0.009999999999999787E0	7.888148958215508E0
hsa-miR-1260a	5.802691649191885E-5	2.459042754832365E-4	6.694922428421632E-4	-10.544645039874363E0	-1493.669285479318E0	0.009999999999990905E0	14.936692873215861E0
hsa-miR-5187-5p	6.209648256317626E-5	2.613226974533668E-4	0.004354102616691752E0	-7.843408875563219E0	-229.66845020290316E0	0.009999999999999787E0	2.296684504137577E0
hsa-miR-4443	6.560276158237861E-5	2.7417430013049264E-4	317.14901026431636E0	8.309017029694237E0	317.14901026431636E0	3525.049314119172E0	11.11480470253673E0
hsa-miR-548o-3p	7.040889008426002E-5	2.922451191168601E-4	0.0022588045188970227E0	-8.790224862014645E0	-442.712059248182E0	0.009999999999999787E0	4.427120597036931E0
hsa-miR-671-3p	8.453748682236932E-5	3.485014762881347E-4	3.4971397497619627E-4	-11.481536930594151E0	-2859.4796649692544E0	0.009999999999990905E0	28.594796688096835E0
hsa-miR-34a-5p	9.273972814397497E-5	3.7973158956249216E-4	458.70852498670837E0	8.841433909581257E0	458.70852498670837E0	1908.4595673097867E0	4.160505988830209E0
hsa-miR-299-3p	9.733846029637892E-5	3.958866237557424E-4	0.00972672337830162E0	-6.6838303955859315E0	-102.80954449992898E0	0.009999999999990905E0	1.0280954458027054E0
hsa-miR-19b-3p	9.928664477052793E-5	4.011180448729328E-4	0.032971396661954706E0	-4.922641189190487E0	-30.32931878053828E0	1114.7115586414657E0	33808.44222986863E0
hsa-miR-331-5p	1.0094581736406E-4	4.051203001498037E-4	0.0013093023393432887E0	-9.576986007007353E0	-763.7655337128424E0	0.009999999999990905E0	7.637655345683484E0
hsa-let-7e-3p	1.1421732429474008E-4	4.536989477813644E-4	5.330893626398856E-4	-10.873334984968356E0	-1875.8581020036663E0	0.009999999999990905E0	18.758581043894935E0
hsa-miR-20b-5p	1.1454775414281972E-4	4.536989477813644E-4	0.08399447430873112E0	-3.5735617684262566E0	-11.905545075791387E0	6715.82678979823E0	79955.57860059563E0
hsa-miR-5583-3p	1.167239632622754E-4	4.5916266751761214E-4	0.004354102616691752E0	-7.843408875563219E0	-229.66845020290316E0	0.009999999999999787E0	2.296684504137577E0
hsa-miR-766-5p	1.1744259647727703E-4	4.5916266751761214E-4	0.002449550419627221E0	-8.673267297430979E0	-408.2381779070229E0	0.009999999999990905E0	4.082381783211119E0
hsa-miR-1268a	1.1930303691883151E-4	4.634464126462301E-4	0.0015471945037029281E0	-9.336129709795847E0	-646.3311481566682E0	0.010000000000019327E0	6.463311488642489E0
hsa-miR-2682-3p	1.2612181658450556E-4	4.8681414554274123E-4	0.0017801242366738978E0	-9.133806352808243E0	-561.7585443746704E0	0.009999999999999787E0	5.61758544975262E0
hsa-miR-21-5p	1.321032058646378E-4	5.044555129577118E-4	0.2041217627247183E0	-2.292498089384678E0	-4.89903666640688E0	29439.25954236742E0	144224.01196862862E0
hsa-miR-139-3p	1.3235713953840952E-4	5.044555129577118E-4	0.0017041351871103008E0	-9.196744497198386E0	-586.8079055956225E0	0.010000000000019327E0	5.86807906228465E0
hsa-miR-142-3p	1.3384057232059291E-4	5.069211676642457E-4	233.86056838305024E0	7.869504816775322E0	233.86056838305024E0	5936.377930612395E0	25.384261939450198E0
hsa-miR-1305	1.3494599880427754E-4	5.079333868036782E-4	0.001708829745007609E0	-9.192775619812442E0	-585.1958060313067E0	0.009999999999999787E0	5.851958066609953E0
hsa-miR-148a-5p	1.3669499254714308E-4	5.1134052767635E-4	0.0013536998880498508E0	-9.528876352257923E0	-738.7161724897583E0	0.010000000000019327E0	7.3871617331514585E0
hsa-miR-3909	1.3916668506313152E-4	5.173927064310288E-4	0.0028048338604875164E0	-8.477868966858104E0	-356.5273558934386E0	0.009999999999999787E0	3.5652735624723766E0
hsa-miR-6733-5p	1.58090644378261E-4	5.841642103245498E-4	0.0025575366642565066E0	-8.611029362399444E0	-391.00123723571596E0	0.009999999999999787E0	3.910012376298198E0
hsa-miR-484	1.6057285009616243E-4	5.897402858077238E-4	4.935458346628466E-4	-10.984528308301975E0	-2026.1542693053518E0	0.009999999999990905E0	20.26154271908706E0
hsa-miR-130a-3p	2.0096292246349898E-4	7.336357289932553E-4	0.13028741842253977E0	-2.940230322230741E0	-7.675338203086229E0	1769.4315165469525E0	13580.985321371743E0
hsa-miR-411-5p	2.0605935011334988E-4	7.477363243634133E-4	336.05306415385314E0	8.392545248216528E0	336.05306415385314E0	487.59903868543483E0	1.450958465247595E0
hsa-miR-105-3p	2.169339017472014E-4	7.825115741595479E-4	0.0014167227875166565E0	-9.463226793308218E0	-705.8543907187933E0	0.009999999999990905E0	7.058543915000328E0
hsa-miR-29c-3p	2.3011422988205324E-4	8.251433331865341E-4	0.22483169220337978E0	-2.153082683163011E0	-4.447771531672737E0	2076.0859170375993E0	9233.95584143373E0
hsa-miR-30e-3p	2.3242536644802E-4	8.285280709852948E-4	0.2594904476858836E0	-1.9462466635483482E0	-3.853706403907833E0	849.9637455827669E0	3275.5107301880116E0
hsa-let-7i-5p	2.587852159810294E-4	9.170984847047005E-4	11.53203237032983E0	3.527574886472845E0	11.53203237032983E0	15632.448397914399E0	1355.5675087835698E0
hsa-miR-766-3p	2.6897460218277934E-4	9.4319915975935E-4	0.003785837711591255E0	-8.045171716647603E0	-264.1423315474562E0	0.010000000000005116E0	2.641423317963394E0
hsa-miR-4775	2.6926312646595305E-4	9.4319915975935E-4	0.0027325997366047365E0	-8.515510131169622E0	-365.95187601185347E0	0.009999999999999787E0	3.659518763766176E0
hsa-miR-2116-5p	3.1875953313360324E-4	0.0011101625119480664E0	0.0035539220501621437E0	-8.136372246254922E0	-281.3792722196527E0	0.009999999999999787E0	2.8137927248763104E0
hsa-miR-7977	3.2772424900361893E-4	0.0011348622565496747E0	22.110997877297347E0	4.4666922308575225E0	22.110997877297347E0	1686.1137721908021E0	76.25679223823988E0
hsa-miR-4516	3.469715056114663E-4	0.0011946859795485714E0	2039.3509739147876E0	10.993894370341447E0	2039.3509739147876E0	9890.818824471531E0	4.84998361648195E0
hsa-miR-3928-3p	3.612263424873257E-4	0.0012360563066323741E0	0.0030167915097868074E0	-8.372769289267998E0	-331.4779946694655E0	0.009999999999990905E0	3.3147799499403447E0
hsa-miR-221-5p	3.6306604386231455E-4	0.0012360563066323741E0	73.9619975103191E0	6.2087122833844255E0	73.9619975103191E0	320.46811946537923E0	4.3328753957431445E0
hsa-miR-3195	3.980964659777503E-4	0.001347745577555959E0	1000000.0E0	19.931568569324174E0	1000000.0E0	11662.22206304951E0	0.009999999999763531E0
hsa-miR-501-3p	4.42820034969503E-4	0.0014908274510639934E0	51.13683096777153E0	5.676290852089079E0	51.13683096777153E0	794.253439176082E0	15.531925299573686E0
hsa-miR-9-5p	4.5082837500160243E-4	0.0015094032886793982E0	0.05168647325016444E0	-4.274069424288563E0	-19.34742181305277E0	431.88873227875047E0	8355.933483882056E0
hsa-miR-1307-3p	4.7864116704303975E-4	0.0015937172924619897E0	16.8548892285718E0	4.0750952407550045E0	16.8548892285718E0	1337.5527842682022E0	79.35696078991782E0
hsa-miR-1292-5p	4.93299645714122E-4	0.0016335496464631582E0	270.48144510108006E0	8.079385819025308E0	270.48144510108006E0	849.9637455827672E0	3.1424105430274523E0
hsa-miR-374a-5p	5.216716306880686E-4	0.001712074392785142E0	0.09711666973075389E0	-3.364137239405418E0	-10.296893445506301E0	585.2159325240718E0	6025.9061021858915E0
hsa-miR-340-5p	5.226629746951341E-4	0.001712074392785142E0	0.05838459339543519E0	-4.098268470744674E0	-17.127806187277226E0	209.04750665200936E0	3580.5251795868107E0
hsa-miR-30c-5p	5.276241710962556E-4	0.0017190335897007039E0	0.19111792059625135E0	-2.387465032724913E0	-5.232371704757939E0	640.9262389307582E0	3353.564318355421E0
hsa-miR-668-3p	5.681226267252369E-4	0.0018279679013279498E0	248085.26366729007E0	17.920476515731103E0	248085.26366729007E0	2480.8526418746405E0	0.009999999999990905E0
hsa-miR-675-5p	5.70108800909212E-4	0.0018279679013279498E0	0.004507427639357056E0	-7.793479953332519E0	-221.85602964946125E0	0.009999999999999787E0	2.218560298518466E0
hsa-miR-103a-2-5p	5.70108800909212E-4	0.0018279679013279498E0	0.004507427639357056E0	-7.793479953332519E0	-221.85602964946125E0	0.009999999999999787E0	2.218560298518466E0
hsa-miR-142-5p	6.304000197144031E-4	0.0020106442734048858E0	322.33403451096194E0	8.332412717073328E0	322.33403451096194E0	1588.4968783521642E0	4.928107822100969E0
hsa-miR-223-3p	6.786808347906419E-4	0.002146059939153293E0	242464.68998856895E0	17.88741513807677E0	242464.68998856895E0	2424.646904960199E0	0.009999999999990905E0
hsa-miR-26a-5p	6.799397827020335E-4	0.002146059939153293E0	0.5191796096941641E0	-0.9456943709701239E0	-1.9261157051007365E0	3566.955901551125E0	6870.369782139909E0
hsa-miR-25-5p	6.851714760195599E-4	0.0021513674324759235E0	12.109460193541793E0	3.5980626499726274E0	12.109460193541793E0	1226.1321714548321E0	101.25407337251454E0
hsa-miR-744-5p	7.659043302994814E-4	0.002392464042069514E0	5.411963516325553E0	2.4361521137058744E0	5.411963516325553E0	1853.2446914108582E0	342.43480860355885E0
hsa-miR-4449	8.924480377742715E-4	0.0027734539020061975E0	9110.549006741383E0	13.15332227891313E0	9110.549006741383E0	3943.619757930946E0	0.43286301944493744E0
hsa-miR-23b-5p	9.248376876959557E-4	0.0028594471364476997E0	0.0015324931398525959E0	-9.349903668901197E0	-652.5314691432719E0	0.010000000000019327E0	6.525314698586925E0
hsa-miR-214-3p	0.00100696780942673E0	0.0030975761041248644E0	12.499168905976147E0	3.6437602653676633E0	12.499168905976147E0	529.5056261173879E0	42.36326669994641E0
hsa-miR-874-5p	0.0011404782206669442E0	0.0034905545541624654E0	0.002061862637325074E0	-8.921836062068076E0	-484.9983611407473E0	0.010000000000019327E0	4.849983616481865E0
hsa-miR-3182	0.0011893127269067682E0	0.003621726193494982E0	225.90568143980045E0	7.81957674417971E0	225.90568143980045E0	14183.98043134059E0	62.787178825945375E0
hsa-miR-125b-5p	0.0013235311978723307E0	0.004010299529553162E0	0.30807925296530236E0	-1.698626564901837E0	-3.24591802393336E0	18963.740215879574E0	61554.74618015242E0
hsa-let-7b-5p	0.001336963754987993E0	0.004030845947874247E0	8.053838895625844E0	3.009676613728131E0	8.053838895625844E0	3441.236139255265E0	427.2789886462615E0
hsa-miR-100-5p	0.0013872038478204246E0	0.004161611543461274E0	2.074309745753488E0	1.0526313402921994E0	2.074309745753488E0	2995.5536880017826E0	1444.120721972773E0
hsa-miR-29b-3p	0.0013962148977964288E0	0.004168010975687861E0	0.14704521903631732E0	-2.7656682170529E0	-6.800629129961848E0	2368.441168045756E0	16106.890005227164E0
hsa-miR-3129-3p	0.0014667293557500006E0	0.004357048968551472E0	1.6309494638390377E-4	-12.582000299767188E0	-6131.397827901627E0	0.010000000000005116E0	61.313978369349286E0
hsa-miR-4488	0.0014834809016788255E0	0.004385314275206675E0	321.8694977421079E0	8.33033205475049E0	321.8694977421079E0	905.6740519894524E0	2.8137927248762935E0
hsa-miR-22-3p	0.0015972899312339012E0	0.004696824648714751E0	4.33413235367993E0	2.115743210441771E0	4.33413235367993E0	849.9637455827667E0	196.10931923908583E0
hsa-miR-15b-5p	0.001604360894858009E0	0.004696824648714751E0	0.20197030096895055E0	-2.3077849296077426E0	-4.951223002602411E0	1072.8049712095053E0	5311.696652193599E0
hsa-miR-155-5p	0.0018207268558532493E0	0.005304617666572448E0	84.68574693012846E0	6.404047271486841E0	84.68574693012846E0	710.4402643121762E0	8.389136183279788E0
hsa-miR-9901	0.001975105409777117E0	0.005726860661841786E0	3669.7449419156937E0	11.841464079659564E0	3669.7449419156937E0	1588.496878352164E0	0.4328630194449232E0
hsa-miR-425-5p	0.0020104995086734057E0	0.005801727153600399E0	3.7690345696622827E0	1.914195027491423E0	3.7690345696622827E0	2647.4881305869403E0	702.4313736212177E0
hsa-miR-16-5p	0.002033219235797178E0	0.0058394827340904724E0	0.2813355786364911E0	-1.8296360826660885E0	-3.5544740016408762E0	23729.200850936068E0	84344.82752243063E0
hsa-miR-423-5p	0.002116871641004574E0	0.006051057615324395E0	6.224608159734117E0	2.6379830221122695E0	6.224608159734117E0	3747.890539745912E0	602.1086697204573E0
hsa-miR-3129-5p	0.0021868240913179237E0	0.006221668541496065E0	1.0678907385275378E-4	-13.192948334629067E0	-9364.253887798024E0	0.009999999999990905E0	93.64253902250614E0
hsa-let-7d-5p	0.002334001456828893E0	0.006609368611393968E0	37.4880620773436E0	5.228359343194903E0	37.4880620773436E0	2020.87104113867E0	53.907055417602805E0
hsa-miR-320a-3p	0.0023786959343837406E0	0.006704603424356032E0	4.014623069700533E0	2.005264540419725E0	4.014623069700533E0	1713.7212101402665E0	426.8697658497358E0
hsa-miR-320c	0.0024758376521482085E0	0.006946100079638029E0	26.42666719516775E0	4.723922585542748E0	26.42666719516775E0	264.75781305869396E0	10.018585051114854E0
hsa-miR-20a-5p	0.0025921836665094857E0	0.007239001391266122E0	0.23265768441917664E0	-2.1037192564259755E0	-4.298160202601826E0	2912.235943645639E0	12517.256636646622E0
hsa-miR-4454	0.0028242825612644694E0	0.007850987303331508E0	151.9525619678251E0	7.247477189130602E0	151.9525619678251E0	1755.6277975722196E0	11.553788717656374E0
hsa-miR-19a-3p	0.0030111699414857554E0	0.008332278468220858E0	0.07947094861118335E0	-3.6534286244012493E0	-12.583214589428941E0	529.5056261173886E0	6662.882922594404E0
hsa-miR-148b-3p	0.003209547769835117E0	0.008840845220545823E0	0.2738438322348065E0	-1.868574707872981E0	-3.6517163517583016E0	2731.3013054508483E0	9973.937640875201E0
hsa-miR-494-3p	0.003240462613131498E0	0.008885612414288181E0	2049.5123283540743E0	11.001064952849852E0	2049.5123283540743E0	1240.4313209373204E0	0.6052324263578157E0
hsa-miR-101-3p	0.0032788653092058594E0	0.008950416114318698E0	0.340176625598214E0	-1.5556440817287471E0	-2.9396493608032612E0	585.2159325240732E0	1720.3296422895387E0
hsa-miR-29a-3p	0.0036881961633464196E0	0.010022631726403275E0	0.25647976868854233E0	-1.9630830654053273E0	-3.8989430047964357E0	17986.084985969937E0	70126.72025583588E0
hsa-miR-99b-3p	0.0037921793158486035E0	0.010240357306238755E0	5.671283043642925E0	2.5036751604408467E0	5.671283043642925E0	905.6740519894524E0	159.6947365797978E0
hsa-miR-31-5p	0.0038021128612272604E0	0.010240357306238755E0	1172.4440989692534E0	10.195303422701313E0	1172.4440989692534E0	1003.2909458280908E0	0.8557260388898698E0
hsa-miR-106a-3p	0.003937861006544456E0	0.01055904322993779E0	6.850738343505396E-5	-13.833380990435176E0	-14596.966777281974E0	0.010000000000019327E0	145.96966800946367E0
hsa-miR-3621	0.004071199202043158E0	0.010867787702327257E0	1126.4511316582673E0	10.137569011778673E0	1126.4511316582673E0	487.599038685435E0	0.4328630194449943E0
hsa-miR-197-5p	0.004088870620677582E0	0.010867787702327257E0	529.4959509265866E0	9.048475841696833E0	529.4959509265866E0	320.46811946537923E0	0.6052324263578441E0
hsa-miR-27a-5p	0.004270501716264006E0	0.011300978340855842E0	3.6387725800868584E0	1.8634518868944536E0	3.6387725800868584E0	640.926238930758E0	176.13803135112585E0
hsa-miR-25-3p	0.004422769475707412E0	0.011653036096863877E0	0.35557056669520176E0	-1.4917921887183487E0	-2.8123812645527795E0	9782.370794704693E0	27511.75635073988E0
hsa-miR-296-5p	0.004602557472560053E0	0.01205451775471244E0	10.61354432515049E0	3.4078346103702524E0	10.61354432515049E0	264.75781305869396E0	24.945277924330696E0
hsa-miR-143-3p	0.004614930889592882E0	0.01205451775471244E0	493.32812373532107E0	8.946403724860897E0	493.32812373532107E0	4571.723138902485E0	9.267104213518792E0
hsa-miR-3657	0.0052821594838970976E0	0.013679438663425818E0	0.0015287163977964022E0	-9.353463496957847E0	-654.1435687099774E0	0.009999999999999787E0	6.541435694261597E0
hsa-miR-212-3p	0.0052821594838970976E0	0.013679438663425818E0	0.0015287163977964022E0	-9.353463496957847E0	-654.1435687099774E0	0.009999999999999787E0	6.541435694261597E0
hsa-miR-204-5p	0.005353854202312687E0	0.01380610913447442E0	0.0015700888575719471E0	-9.314938075385433E0	-636.9066280404302E0	0.009999999999999787E0	6.369066287348685E0
hsa-miR-127-3p	0.005549055869215887E0	0.014248846850613677E0	374.49850136671614E0	8.548816135227423E0	374.49850136671614E0	320.46811946537946E0	0.8557260388897703E0
hsa-miR-30a-3p	0.0057327401126405254E0	0.014658398769030204E0	0.3178792651114694E0	-1.6534491806337652E0	-3.145848470642884E0	2661.2918495616723E0	8372.020896498307E0
hsa-miR-4492	0.005919426258292797E0	0.015072152573636283E0	1497.7820194035905E0	10.548611960255599E0	1497.7820194035905E0	4472.619953540578E0	2.9861621317893423E0
hsa-miR-92b-5p	0.006326276197658339E0	0.016040683580673447E0	621.54373936507E0	9.279712110167038E0	621.54373936507E0	376.1784258720645E0	0.6052324263578441E0
hsa-miR-27a-3p	0.006918592123666626E0	0.01746944511225823E0	0.4045755292608281E0	-1.3055190337200437E0	-2.471726359295706E0	3803.6008461526E0	9401.460473111529E0
hsa-miR-299-5p	0.006976969868857344E0	0.017543749960695233E0	309.3955317121831E0	8.273308551321778E0	309.3955317121831E0	264.75781305869396E0	0.855726038889884E0
hsa-miR-17-5p	0.007160331963436244E0	0.017930418057199853E0	0.2580712580481566E0	-1.9541586205627088E0	-3.8748987685153145E0	473.79531971070264E0	1835.908901295271E0
hsa-miR-185-3p	0.007328700353022855E0	0.018276511991489098E0	0.0013860412828152044E0	-9.49481405631698E0	-721.4792318226544E0	0.009999999999990905E0	7.214792326238552E0
hsa-miR-6834-5p	0.007797541559997376E0	0.01936602534982955E0	182514.18192200686E0	17.47764904469587E0	182514.18192200686E0	1825.141822953637E0	0.00999999999999801E0
hsa-miR-200c-3p	0.00802424945851227E0	0.019847735395340554E0	35.66605574520046E0	5.156479774065464E0	35.66605574520046E0	2578.4695357132796E0	72.29477665199718E0
hsa-miR-5697	0.008118267696431843E0	0.01999865944730771E0	0.0021818012017563795E0	-8.84026463043694E0	-458.3369003532432E0	0.009999999999999787E0	4.583369008275153E0
hsa-miR-193a-5p	0.008239978005027338E0	0.02018819977629626E0	8.523484382820676E0	3.091443321787072E0	8.523484382820676E0	418.0850133040175E0	49.05095080544629E0
hsa-miR-346	0.008261837532213651E0	0.02018819977629626E0	0.002403553807405009E0	-8.700615183783553E0	-416.0505984593071E0	0.009999999999999787E0	4.16050598883022E0
hsa-miR-99b-5p	0.00941571871662528E0	0.022915363623594056E0	1.5527751505621075E0	0.6348489355497924E0	1.5527751505621075E0	3678.3765143644923E0	2368.904804252932E0
hsa-miR-128-3p	0.009661753472619002E0	0.023386098627320502E0	0.23667968807817522E0	-2.0789921960234814E0	-4.225119646387655E0	1100.9078396667283E0	4651.467343370039E0
hsa-miR-10401-3p	0.00968632137864265E0	0.023386098627320502E0	114231.89943445574E0	16.80160605621952E0	114231.89943445574E0	1142.3189965909255E0	0.00999999999999801E0
hsa-miR-532-5p	0.010169733802907468E0	0.02445578843080129E0	0.21329291158292954E0	-2.2290920738599893E0	-4.688388341546897E0	836.160026608035E0	3920.2429214395415E0
hsa-miR-125b-2-3p	0.010694677416959997E0	0.025616500058014857E0	3.3999923543024932E0	1.7655315021211302E0	3.3999923543024932E0	264.7578130586939E0	77.87012011040045E0
hsa-miR-361-5p	0.010851797559945874E0	0.025890509139083463E0	0.2256552082546148E0	-2.147808017704607E0	-4.431539638436639E0	473.79531971070264E0	2099.6427403316093E0
hsa-miR-590-3p	0.01104226567606698E0	0.026241619606653294E0	5.795989854390029E-6	-17.396513499797518E0	-172533.08323902168E0	0.009999999999763531E0	1725.3308358627673E0
hsa-miR-1246	0.01115520393918317E0	0.026406459324785157E0	520.3086023651259E0	9.023223749649224E0	520.3086023651259E0	5962.49907703859E0	11.4595435163626E0
hsa-miR-6724-5p	0.011674676541707816E0	0.0275286147248052E0	263.85032977778684E0	8.043575976483622E0	263.85032977778684E0	473.7953197107027E0	1.7956972790734653E0
hsa-miR-1228-5p	0.012053926400966503E0	0.028312710848781786E0	65472.99566795056E0	15.99861236941866E0	65472.99566795056E0	654.7299579054907E0	0.00999999999999801E0
hsa-miR-151a-3p	0.01222813383191912E0	0.028611000394374468E0	0.29358512028452194E0	-1.7681492446753166E0	-3.406167175744025E0	543.3093450921197E0	1850.6024579107789E0
hsa-miR-92a-3p	0.012892058967667873E0	0.03004841436310281E0	0.5655830348355549E0	-0.8221892490075401E0	-1.768086979997116E0	3148.8808882471094E0	5567.4953006072865E0
hsa-miR-455-3p	0.01317506740798223E0	0.030590386395544948E0	6.821116780725702E0	2.770007962433257E0	6.821116780725702E0	209.04750665200868E0	30.647108575377047E0
hsa-miR-5699-3p	0.013809834360077853E0	0.03182037879166228E0	0.0016817454029472891E0	-9.21582497009574E0	-594.6203261489414E0	0.009999999999999787E0	5.946203267903753E0
hsa-miR-3942-5p	0.013809834360077853E0	0.03182037879166228E0	0.0016817454029472891E0	-9.21582497009574E0	-594.6203261489414E0	0.009999999999999787E0	5.946203267903753E0
hsa-miR-192-5p	0.013918507812255676E0	0.031949302023586895E0	0.10036893798742906E0	-3.316615239394585E0	-9.963241816160766E0	376.1784258720645E0	3747.95662444113E0
hsa-miR-196a-5p	0.01464233403953833E0	0.03348397897343482E0	0.12737245730462834E0	-2.9728747482655984E0	-7.8509908748040065E0	515.7019071426548E0	4048.770968504926E0
hsa-miR-23b-3p	0.014790887803376562E0	0.03369653386784285E0	4.592335261102609E0	2.1992279690768233E0	4.592335261102609E0	2355.132879578782E0	512.8399267624554E0
hsa-miR-342-3p	0.014941661601602943E0	0.03391253532049207E0	3.0306576785877573E0	1.599630904812927E0	3.0306576785877573E0	1003.2909458280908E0	331.0472682971408E0
hsa-miR-93-3p	0.015280259548191833E0	0.03455163166494123E0	5.024390479767688E0	2.3289485902910876E0	5.024390479767688E0	418.0850133040176E0	83.21109095194629E0
hsa-miR-331-3p	0.016733685785509756E0	0.03769744827516324E0	2.8038578232516107E0	1.4874131956786893E0	2.8038578232516107E0	264.75781305869396E0	94.42626185145156E0
hsa-miR-29c-5p	0.01705313661911833E0	0.03827481774513225E0	1.0131632796710907E-4	-13.268845684394314E0	-9870.077410668062E0	0.010000000000019327E0	98.70077426017065E0
hsa-miR-449a	0.017702270648710407E0	0.03958515133992069E0	1.021078605066497E-4	-13.257618446953236E0	-9793.565304748263E0	0.010000000000019327E0	97.93565319965424E0
hsa-miR-21-3p	0.018106691863094125E0	0.04034064437145235E0	0.24585553425551002E0	-2.0241172640196003E0	-4.0674292853653276E0	543.3093450921187E0	2209.8723417639285E0
hsa-miR-98-5p	0.0189190750156998E0	0.041996188496388566E0	6.026527285637194E0	2.591326905772405E0	6.026527285637194E0	627.1225199560264E0	104.06034687014574E0
hsa-miR-107	0.019228402951181833E0	0.04252705178254084E0	0.3685574455263367E0	-1.4400385911251383E0	-2.7132812323785798E0	529.505626117388E0	1436.6976780253513E0
hsa-miR-106b-5p	0.01954435725206459E0	0.04306865634454961E0	4.2827265076393976E-5	-14.511110923911211E0	-23349.611473350687E0	0.009999999999990905E0	233.49611512990748E0
hsa-miR-449c-5p	0.02126426206039202E0	0.046544759506001655E0	0.0019910985874391617E0	-8.972219628099763E0	-502.23530181202295E0	0.009999999999999787E0	5.022353023394776E0
hsa-miR-628-5p	0.021275409873205378E0	0.046544759506001655E0	5.143068104307822E-5	-14.247011216508328E0	-19443.646860565626E0	0.009999999999990905E0	194.4364689297354E0
hsa-miR-660-5p	0.024519725292564205E0	0.05344947311976226E0	0.3407544899155781E0	-1.5531954282126728E0	-2.9346641925327233E0	891.87033301472E0	2617.339931156387E0
hsa-miR-181c-3p	0.025536738371435486E0	0.05546689409709643E0	2.3887853551009483E-4	-12.03143515365123E0	-4186.227941596455E0	0.009999999999990905E0	41.86227947488236E0
hsa-miR-203a-3p	0.02689871653689421E0	0.058216507933421036E0	11.739787703569052E0	3.553334414597899E0	11.739787703569052E0	696.6365453374456E0	59.33979068768895E0
hsa-miR-125a-5p	0.02776645491896338E0	0.059875819373730724E0	0.6449032295470293E0	-0.6328454005943164E0	-1.550620239105308E0	6618.209895959597E0	10262.33021208219E0
hsa-miR-99a-5p	0.027863005055102415E0	0.059875819373730724E0	0.3734339182817664E0	-1.4210751241669695E0	-2.6778499516090335E0	2270.824274207119E0	6080.92667380967E0
hsa-miR-139-5p	0.0282772018386163E0	0.0605511813222667E0	1.797647175755098E-4	-12.441602488695768E0	-5562.826863285628E0	0.010000000000019327E0	55.62826871397755E0
hsa-miR-181d-5p	0.02863508953074227E0	0.061040841113484935E0	3.5714841559424E-4	-11.451188658386371E0	-2799.956422419385E0	0.010000000000005116E0	27.99956426173903E0
hsa-miR-497-5p	0.02870732626624291E0	0.061040841113484935E0	1.8027106205980664E-4	-12.437544552238272E0	-5547.202022187235E0	0.010000000000019327E0	55.47202030273932E0
hsa-miR-3180	0.029216228480946682E0	0.061658457955224906E0	82.07023495072096E0	6.3587871783389245E0	82.07023495072096E0	209.04750665200876E0	2.5471781166696132E0
hsa-miR-106a-5p	0.029308222381078435E0	0.061658457955224906E0	7.831324989919919E-5	-13.640384055213154E0	-12769.23127679095E0	0.010000000000019327E0	127.69231297203777E0
hsa-miR-1301-3p	0.02938631678650128E0	0.061658457955224906E0	1.9020815168294472E-4	-12.360133302959015E0	-5257.398230055281E0	0.009999999999990905E0	52.57398237656922E0
hsa-miR-542-5p	0.029404776153564353E0	0.061658457955224906E0	3.4800857581401834E-4	-11.48858952137225E0	-2873.4924065044215E0	0.009999999999990905E0	28.734924103660415E0
hsa-miR-10a-5p	0.030106876892032338E0	0.06291299102266068E0	13.998716292963444E0	3.8072226304369803E0	13.998716292963444E0	3456.5261497532674E0	246.91736555517673E0
hsa-miR-363-3p	0.030215722817675008E0	0.06292346401206547E0	0.2991133820617E0	-1.7412356381172476E0	-3.3432138445538477E0	3804.5917071681106E0	12719.563670871672E0
hsa-miR-548ay-3p	0.030436050868985196E0	0.0631652288582364E0	1.9532200737415432E-4	-12.32185786943985E0	-5119.750782022341E0	0.009999999999990905E0	51.19750789402026E0
hsa-miR-130b-3p	0.030625686332110345E0	0.06334186319883574E0	0.49638476869775683E0	-1.0104692470688534E0	-2.0145662459052787E0	1003.290945828091E0	2021.1960745267197E0
hsa-miR-190a-5p	0.03230346537257432E0	0.0664329460334732E0	1.2441670940641856E-4	-12.972532124314666E0	-8037.505611351676E0	0.010000000000019327E0	80.37505623572065E0
hsa-miR-548a-3p	0.03233947042883596E0	0.0664329460334732E0	2.2522797702160933E-4	-12.116326334531843E0	-4439.945752849592E0	0.010000000000019327E0	44.39945759155194E0
hsa-miR-148a-3p	0.0328761867045476E0	0.06730732818566164E0	0.2387589794745138E0	-2.0663731024730385E0	-4.188324150994893E0	2634.1798421199637E0	11032.799053483543E0
hsa-miR-1-3p	0.03405393681956662E0	0.06927244605950533E0	5.192224391073345E-4	-10.91135964627145E0	-1925.9568244377788E0	0.009999999999990905E0	19.259568268958972E0
hsa-miR-505-3p	0.0340646681942782E0	0.06927244605950533E0	5.213371829435269E-4	-10.905495619682293E0	-1918.1444038844309E0	0.010000000000005116E0	19.18144406333986E0
hsa-miR-579-5p	0.034794045062661504E0	0.07051903447482566E0	4.551844556436174E-4	-11.101261088488386E0	-2196.9115763982527E0	0.010000000000005116E0	21.96911579254148E0
hsa-miR-629-3p	0.035250235401104266E0	0.07120547551023063E0	3.134837846622439E-4	-11.639321559783356E0	-3189.9576594605287E0	0.009999999999990905E0	31.89957663803723E0
hsa-miR-15a-3p	0.03556995016387673E0	0.07161259069537972E0	3.136422891478445E-4	-11.638592284922197E0	-3188.34555989553E0	0.009999999999990905E0	31.88345564236254E0
hsa-miR-642a-5p	0.0361927928364224E0	0.07262527304262244E0	1.3479203613574165E-4	-12.85697711868901E0	-7418.835924349084E0	0.010000000000019327E0	74.18835935528489E0
hsa-miR-24-3p	0.03638441887233408E0	0.07276883774466816E0	0.5917936605272984E0	-0.7568338528584263E0	-1.6897781552931517E0	1560.3940098949433E0	2636.7197118043496E0
hsa-miR-20a-3p	0.03677414469857151E0	0.07330635423465241E0	3.2915857208704226E-4	-11.568929610028102E0	-3038.049392605705E0	0.009999999999990905E0	30.38049396717041E0
hsa-miR-33b-5p	0.03745844420387003E0	0.07442563012309915E0	6.584498071292174E-4	-10.56863890985836E0	-1518.7186466951994E0	0.010000000000005116E0	15.187186485747862E0
hsa-miR-374a-3p	0.03966307838433974E0	0.0785484493493787E0	0.0132883863444213E0	-6.233690266066941E0	-75.25368198071828E0	55.72030640668527E0	4193.158221256534E0
hsa-miR-141-3p	0.040085837188417246E0	0.07912709230026337E0	40.034992828613454E0	5.323189642661403E0	40.034992828613454E0	6774.0142487437E0	169.2023344058486E0
hsa-miR-95-3p	0.041209936813573336E0	0.08108188866566701E0	0.2439629402080596E0	-2.0352660866024133E0	-4.098983227317917E0	362.3747068973323E0	1485.3678459302798E0
hsa-miR-186-3p	0.04183754459097129E0	0.08205033016870099E0	4.500529163541995E-4	-11.117617738832632E0	-2221.9609376177946E0	0.009999999999990905E0	22.219609405073506E0
hsa-miR-199a-3p	0.04216211096638513E0	0.08242012659880447E0	0.3514034128271679E0	-1.5087998920301993E0	-2.845732179874513E0	3665.0682258975194E0	10429.802593714183E0
hsa-let-7c-5p	0.04296738163272499E0	0.0837242227312905E0	0.593739433970306E0	-0.7520981601467737E0	-1.6842404980801928E0	8304.313668150395E0	13986.461389891087E0
hsa-miR-30a-5p	0.04335950606497554E0	0.08421750216466402E0	0.4639980254495025E0	-1.1078094289316527E0	-2.15518158516136E0	3079.3668628656897E0	6636.594757664833E0
hsa-miR-141-5p	0.04583389873205125E0	0.08873911383905131E0	5.774464691780447E-4	-10.758025168485533E0	-1731.7622556830784E0	0.010000000000005116E0	17.317622578647217E0
hsa-miR-365b-3p	0.0460765102991456E0	0.0889247300677778E0	0.40675577904723537E0	-1.2977652515253681E0	-2.4584776701694335E0	209.0475066520088E0	513.9386271866315E0
hsa-miR-641	0.04636318470985395E0	0.08919393629895711E0	0.0010237414416630045E0	-9.931932893476587E0	-976.8091427221722E0	0.010000000000005116E0	9.76809143858284E0
hsa-miR-548e-5p	0.04665838522403614E0	0.08947778938533514E0	2.401447764333796E-4	-12.023807951759546E0	-4164.154702225712E0	0.010000000000019327E0	41.64154708094539E0
hsa-miR-193b-3p	0.04841847159869954E0	0.09252659976288032E0	3.684908325055672E-4	-11.406083651852644E0	-2713.77171909668E0	0.009999999999990905E0	27.137717227174477E0
hsa-miR-500a-5p	0.048553562251808485E0	0.09252659976288032E0	6.773083802418554E-4	-10.527899533417552E0	-1476.4323448100802E0	0.010000000000005116E0	14.764323466302926E0
hsa-miR-340-3p	0.04877452443622518E0	0.09265630660925536E0	0.0010719139096196427E0	-9.865595243747281E0	-932.9107412691747E0	0.00999999999999801E0	9.329107423463217E0
hsa-miR-3136-5p	0.05070276689329578E0	0.09601836480417889E0	6.927267884248345E-4	-10.495425914204235E0	-1443.5705630409682E0	0.010000000000005116E0	14.435705648151796E0
hsa-miR-199b-3p	0.0525219201927654E0	0.09915353157886553E0	0.35358726762724163E0	-1.4998617694276952E0	-2.828156134440392E0	3650.769076415031E0	10324.944960701154E0
hsa-miR-345-5p	0.053201241217420335E0	0.10001658864830285E0	4.144391489894223E0	2.05116029015088E0	4.144391489894223E0	264.75781305869396E0	63.883398477368246E0
hsa-miR-30e-5p	0.053309171837296734E0	0.10001658864830285E0	0.43202404691151197E0	-1.2108164783447701E0	-2.3146859697946907E0	836.160026608035E0	1935.4478823670865E0
hsa-miR-212-5p	0.05377577459024181E0	0.1003190840801524E0	8.539682583295994E-4	-10.19352993312468E0	-1171.0037114916254E0	0.010000000000005116E0	11.710037128894598E0
hsa-miR-1296-5p	0.05380148898688041E0	0.1003190840801524E0	2.446011742218711E0	1.2904313296216534E0	2.446011742218711E0	264.75781305869396E0	108.24061407757085E0
hsa-miR-375-3p	0.05501268956729953E0	0.10226285238583901E0	102.6513986951916E0	6.681609475057275E0	102.6513986951916E0	4864.573820418399E0	47.38925994626153E0
hsa-miR-1291	0.05763581863618754E0	0.10681133361935673E0	1197.4563512541754E0	10.225757353586525E0	1197.4563512541754E0	724.7394137946645E0	0.6052324263578441E0
hsa-miR-3171	0.06366191914498469E0	0.11761927744469733E0	0.006160185000264316E0	-7.34281060663864E0	-162.33278707653957E0	0.009999999999999787E0	1.6233278721606215E0
hsa-miR-219b-5p	0.06505070014159327E0	0.11981983065594383E0	0.0021027228870435684E0	-8.893525551487553E0	-475.57384102381724E0	0.00999999999999801E0	4.755738415188063E0
hsa-miR-193a-3p	0.06593505389504561E0	0.12108073533453831E0	0.001353699888047927E0	-9.528876352259974E0	-738.716172490808E0	0.010000000000005116E0	7.3871617331514585E0
hsa-miR-664a-5p	0.06695361140278784E0	0.12257972359543635E0	0.00126513897799653E0	-9.62648840815897E0	-790.4269944979459E0	0.010000000000005116E0	7.904269953890193E0
hsa-miR-30b-3p	0.06741389638058017E0	0.12305066628503489E0	0.0014012141018852132E0	-9.47910687198506E0	-713.6668112707301E0	0.009999999999990905E0	7.136668120619433E0
hsa-miR-423-3p	0.06971265361258008E0	0.126864468736407E0	3.5260406814859455E0	1.8180491197628752E0	3.5260406814859455E0	1142.318996590925E0	323.9664823907906E0
hsa-miR-3173-5p	0.07009536483665464E0	0.12717901524255304E0	0.002557536664256052E0	-8.6110293623997E0	-391.0012372357855E0	0.00999999999999801E0	3.910012376298198E0
hsa-miR-18a-5p	0.07079877468924907E0	0.12807181331846249E0	0.054346403436840315E0	-4.201671626748866E0	-18.400481665031773E0	55.72030640668527E0	1025.280476910421E0
hsa-miR-671-5p	0.07169877325071776E0	0.12931385889861596E0	4.063773600894684E0	2.02282002957939E0	4.063773600894684E0	473.79531971070276E0	116.58998904225535E0
hsa-miR-218-5p	0.07603345048660032E0	0.13672483974741778E0	0.06449490791892926E0	-3.9546709301707517E0	-15.505100050022708E0	55.72030640668527E0	863.9489260535074E0
hsa-miR-1468-5p	0.07721923650588206E0	0.13834980201273142E0	8.90855034759997E-4	-10.132521692637534E0	-1122.5170886185847E0	0.010000000000005116E0	11.225170899505244E0
hsa-miR-106b-3p	0.07745418225842195E0	0.13834980201273142E0	2.0896541457855013E0	1.0632641846750897E0	2.0896541457855013E0	863.7674645574989E0	413.35427022317344E0
hsa-miR-324-5p	0.07762200112925526E0	0.13834980201273142E0	2.2103338711978693E0	1.1442643053366832E0	2.2103338711978693E0	320.46811946537923E0	144.9862953277646E0
hsa-miR-3651	0.07984423523643915E0	0.14189327434980095E0	1056.914212919258E0	10.045642566190011E0	1056.914212919258E0	1086.6086901842405E0	1.0280954458027765E0
hsa-miR-99a-3p	0.08121761506704243E0	0.1439119144170401E0	0.0780429020269585E0	-3.6795887641847997E0	-12.813465081738864E0	55.720306406685154E0	713.9702007933654E0
hsa-miR-3064-5p	0.08198277541292183E0	0.14484420379075985E0	0.0032634026029446225E0	-8.259407302306858E0	-306.42863344463944E0	0.00999999999999801E0	3.06428633740833E0
hsa-miR-652-3p	0.08241194238495413E0	0.1449019925964748E0	0.0011765394683129545E0	-9.73123456649317E0	-849.9502370574145E0	0.009999999999990905E0	8.499502380248032E0
hsa-miR-32-5p	0.08249370865640891E0	0.1449019925964748E0	0.0784619557552E0	-3.6718628930652653E0	-12.745030255427018E0	55.72030640668527E0	710.1569913000978E0
hsa-miR-199b-5p	0.08277750757190169E0	0.1449802589265099E0	0.07667585705166904E0	-3.705083802331568E0	-13.04191486671139E0	55.72030640668527E0	726.6994928182287E0
hsa-miR-181c-5p	0.08388783066725655E0	0.14650151407595813E0	0.002307936207923884E0	-8.759180936668185E0	-433.28753912984246E0	0.010000000000005116E0	4.33287539574313E0
hsa-miR-132-3p	0.08503011692241776E0	0.1480696863648999E0	0.0817038524754499E0	-3.6134520842778013E0	-12.239324948606024E0	55.72030640668527E0	681.9789366357713E0
hsa-miR-301a-3p	0.08568396497782425E0	0.14878075294143694E0	0.308716023598519E0	-1.695647728338039E0	-3.2392228571215544E0	822.3563076333031E0	2663.7953489125966E0
hsa-miR-339-5p	0.0860723752258836E0	0.1490281696768156E0	0.5837408700512617E0	-0.7766000142359808E0	-1.7130888915010938E0	320.46811946537855E0	548.9903755862911E0
hsa-miR-125b-1-3p	0.08825698170695462E0	0.15237530175046865E0	3.340356654703998E0	1.74000214955636E0	3.340356654703998E0	487.5990386854355E0	145.97214878221803E0
hsa-miR-3667-3p	0.0921856828137703E0	0.15843541971766692E0	0.002675482942570405E0	-8.545984953535383E0	-373.7642965644455E0	0.010000000000005116E0	3.7376429693852913E0
hsa-miR-15a-5p	0.09228993920847595E0	0.15843541971766692E0	0.0834787776216428E0	-3.5824467144818826E0	-11.97909251297828E0	222.85122562674042E0	2669.555449532771E0
hsa-miR-590-5p	0.09551606285590089E0	0.1635105482787456E0	0.11075083950091878E0	-3.1746104603127385E0	-9.029276929243538E0	55.72030640668527E0	503.11407731522195E0
hsa-miR-195-3p	0.09723299733069676E0	0.1659808348800063E0	0.0013860412828191437E0	-9.494814056312878E0	-721.4792318206038E0	0.010000000000019327E0	7.214792326238552E0
hsa-miR-4787-3p	0.09795291935671663E0	0.166740081826321E0	0.002449550419630711E0	-8.673267297428923E0	-408.23817790644125E0	0.010000000000005116E0	4.082381783211105E0
hsa-miR-26b-5p	0.09836367270939177E0	0.16697026796048015E0	1.5733323886634039E0	0.6538234926343724E0	1.5733323886634039E0	2480.3572113668843E0	1576.4991740138257E0
hsa-miR-30d-5p	0.09865663139428509E0	0.1669997726953541E0	5.623946307485524E0	2.491582820887309E0	5.623946307485524E0	2480.8526418746405E0	441.1231020909752E0
hsa-miR-335-5p	0.1065376940069856E0	0.17983800158282248E0	0.14701276184451992E0	-2.7659866973042924E0	-6.8021305596421335E0	55.72030640668527E0	379.0167991242515E0
hsa-miR-326	0.10696547680926245E0	0.17991395752315717E0	0.0023503136995236817E0	-8.732930956576896E0	-425.4751185778569E0	0.009999999999990905E0	4.254751190124011E0
hsa-miR-659-5p	0.1071764664453131E0	0.17991395752315717E0	0.004050134330624536E0	-7.947814526069275E0	-246.90539087522035E0	0.010000000000005116E0	2.469053911050487E0
hsa-miR-7-5p	0.10851942217019322E0	0.18166511004181518E0	0.47286403324843834E0	-1.080502682479348E0	-2.1147728092794265E0	2229.9085477906774E0	4715.749964643932E0
hsa-miR-96-5p	0.10902931341988127E0	0.18201587860178525E0	0.43154408107710923E0	-1.212420160504745E0	-2.3172603769794673E0	1393.7585211826445E0	3229.701396672395E0
hsa-miR-374b-5p	0.11297962234195502E0	0.18777818313335143E0	0.15130621943605285E0	-2.7244568041923567E0	-6.609113648647034E0	111.43061281337032E0	736.4575842568115E0
hsa-miR-33a-5p	0.11310072086414731E0	0.18777818313335143E0	0.15338899462575323E0	-2.7047331190114585E0	-6.519372543250929E0	111.43061281337032E0	726.4576778831083E0
hsa-miR-3605-3p	0.12118338571919667E0	0.2006479009448994E0	0.0034579139891988595E0	-8.175882300268215E0	-289.19169277304184E0	0.009999999999990905E0	2.8919169304954124E0
hsa-miR-4676-3p	0.12198034699516372E0	0.20141713972498423E0	0.004354102616694064E0	-7.843408875562453E0	-229.6684502027812E0	0.010000000000005116E0	2.2966845041375805E0
hsa-let-7g-3p	0.12585469156844764E0	0.20724984535456323E0	0.00533668766770638E0	-7.54983970530825E0	-187.38214830357185E0	0.010000000000005116E0	1.8738214846926482E0
hsa-miR-378a-5p	0.1342445922815533E0	0.22046672878759163E0	0.22944152687303984E0	-2.123801564946757E0	-4.358408931585189E0	222.85122562674087E0	971.2767724277526E0
hsa-miR-1304-3p	0.1351681475196352E0	0.22138350647810523E0	0.24386722683083534E0	-2.035832206640779E0	-4.100592002441046E0	55.72030640668527E0	228.48624287926708E0
hsa-miR-4662a-5p	0.13719560532464783E0	0.22354475337158106E0	0.006891996048076643E0	-7.1808624103513825E0	-145.09584640273712E0	0.010000000000005116E0	1.4509584652477159E0
hsa-miR-454-3p	0.1372254921686933E0	0.22354475337158106E0	0.24215876793997018E0	-2.0459748547621595E0	-4.129522166415607E0	222.8512256267411E0	920.2690762589082E0
hsa-miR-210-3p	0.13815751781252633E0	0.2241126241167463E0	0.26708631858394594E0	-1.904622018639627E0	-3.7441079172525917E0	55.72030640668527E0	208.62284041552175E0
hsa-miR-3613-3p	0.1383137317156157E0	0.2241126241167463E0	0.006891996048076643E0	-7.1808624103513825E0	-145.09584640273712E0	0.010000000000005116E0	1.4509584652477159E0
hsa-miR-3613-5p	0.14264311424050272E0	0.2305112726126524E0	0.2856351508694885E0	-1.8077545634734185E0	-3.5009696704202797E0	55.720306406685225E0	195.07510279760865E0
hsa-miR-191-3p	0.1432364379260322E0	0.23085447176376464E0	0.2797743510514696E0	-1.8376643886641528E0	-3.5743090681533984E0	111.43061281337032E0	398.28744993439386E0
hsa-miR-15b-3p	0.1439722024370878E0	0.2310732872102437E0	0.2675840153751231E0	-1.9019361583841488E0	-3.7371440091371335E0	459.99160073597113E0	1719.054855326547E0
hsa-miR-1255a	0.14413482271530054E0	0.2310732872102437E0	0.004507427639359466E0	-7.793479953331748E0	-221.8560296493426E0	0.010000000000005116E0	2.2185602985184616E0
hsa-miR-301a-5p	0.14675275250517783E0	0.23409457527698102E0	0.2849267381990491E0	-1.8113370809576934E0	-3.5096741229719286E0	111.43061281337032E0	391.0851383809096E0
hsa-miR-9-3p	0.14679197789645673E0	0.23409457527698102E0	0.2786216320707248E0	-1.8436208223408002E0	-3.5890967710151154E0	153.33720024532334E0	550.3420503957539E0
hsa-miR-222-3p	0.14923476512651165E0	0.23702620768974E0	1.6004361765219925E0	0.6784651450802041E0	1.6004361765219925E0	376.1784258720643E0	235.04743979212344E0
hsa-miR-769-5p	0.14941255996283942E0	0.23702620768974E0	0.2993466250486095E0	-1.7401110900653274E0	-3.3406089005934665E0	389.9821448467969E0	1302.7778244130996E0
hsa-miR-425-3p	0.15219708815524197E0	0.24081314731612696E0	1.3980307133924832E0	0.4833960556863795E0	1.3980307133924832E0	640.9262389307585E0	458.44932643805157E0
hsa-miR-140-5p	0.1535638795682588E0	0.2423429974436584E0	0.316641266085479E0	-1.6590788087827113E0	-3.1581480593563716E0	306.6644004906471E0	968.4915814713054E0
hsa-miR-103a-3p	0.15540639797993952E0	0.24461370695024248E0	0.7104836266911443E0	-0.49312669237732426E0	-1.4074919708666445E0	7831.519209455208E0	11022.80040763236E0
hsa-miR-138-5p	0.15604843204933175E0	0.24498795290646383E0	0.35392504035807265E0	-1.4984842581809243E0	-2.82545704872501E0	55.72030640668527E0	157.43533252150098E0
hsa-miR-615-3p	0.15660841172503331E0	0.24523177649966457E0	5.2851959925308085E0	2.401956972499045E0	5.2851959925308085E0	515.701907142656E0	97.57479339015367E0
hsa-miR-100-3p	0.1577924466259041E0	0.245884427062048E0	0.3530190182325334E0	-1.502182186828082E0	-2.832708574758147E0	222.85122562674223E0	631.272577839236E0
hsa-miR-625-3p	0.15783670318009352E0	0.245884427062048E0	0.3535452732617248E0	-1.5000331236207054E0	-2.8284920648895606E0	111.43061281337077E0	315.18060418374125E0
hsa-miR-93-5p	0.16476129768592088E0	0.2560137087119694E0	0.6293980808660776E0	-0.6679553152488231E0	-1.5888195887473298E0	26031.586007154707E0	41359.49377756205E0
hsa-miR-582-3p	0.1658693787023589E0	0.25707632607066366E0	0.3763790447069603E0	-1.4097417881252026E0	-2.6568960574799694E0	55.72030640668521E0	148.0430624379273E0
hsa-miR-214-5p	0.16692822334663293E0	0.25755871246942735E0	0.42443920776277844E0	-1.2363701628753943E0	-2.3560500107212192E0	55.72030640668524E0	131.2798285258595E0
hsa-miR-301b-3p	0.16703065016581675E0	0.25755871246942735E0	0.39502112862917854E0	-1.3399982736145406E0	-2.5315101586344215E0	55.72030640668524E0	141.05652173287137E0
hsa-let-7e-5p	0.17225133696860742E0	0.26493479746948245E0	0.7449611890804305E0	-0.4247628287484172E0	-1.3423518092726223E0	3176.4883261965733E0	4263.964852015339E0
hsa-miR-429	0.17882162257190384E0	0.2717288564073139E0	68.22061762013412E0	6.0921359110153315E0	68.22061762013412E0	209.04750665200876E0	3.06428633740833E0
hsa-miR-382-3p	0.1788690692029403E0	0.2717288564073139E0	5572.030632552316E0	12.44398747392032E0	5572.030632552316E0	55.72030640668524E0	0.009999999999999787E0
hsa-miR-337-3p	0.1790789174704789E0	0.2717288564073139E0	5572.030632557265E0	12.4439874739216E0	5572.030632557265E0	55.72030640668523E0	0.009999999999990905E0
hsa-miR-135b-5p	0.17925681237817953E0	0.2717288564073139E0	0.0039259131286962495E0	-7.992756034982232E0	-254.71781142851944E0	0.010000000000005116E0	2.547178116669599E0
hsa-miR-486-5p	0.1806848774106253E0	0.2717288564073139E0	16714.09189455038E0	14.028777352523393E0	16714.09189455038E0	167.1409192200557E0	0.010000000000005116E0
hsa-miR-337-5p	0.18075363560826813E0	0.2717288564073139E0	27856.153155221764E0	14.765708419718573E0	27856.153155221764E0	278.5615320334261E0	0.009999999999990905E0
hsa-miR-34c-5p	0.1807666426110274E0	0.2717288564073139E0	15333.719999546012E0	13.9044201205019E0	15333.719999546012E0	153.33720024532352E0	0.010000000000019327E0
hsa-miR-432-5p	0.18077976972511242E0	0.2717288564073139E0	22285.122525523475E0	14.443793272583443E0	22285.122525523475E0	222.85122562674064E0	0.009999999999763531E0
hsa-miR-889-3p	0.1811099127689071E0	0.2717288564073139E0	16714.091894574132E0	14.028777352525443E0	16714.091894574132E0	167.1409192200556E0	0.009999999999990905E0
hsa-miR-485-3p	0.18118464996311084E0	0.2717288564073139E0	11143.061263811804E0	13.443858009301893E0	11143.061263811804E0	111.43061281337049E0	0.009999999999990905E0
hsa-miR-323a-3p	0.18171323505567008E0	0.2717288564073139E0	11143.061263811804E0	13.443858009301893E0	11143.061263811804E0	111.43061281337043E0	0.009999999999990905E0
hsa-miR-219b-3p	0.18235440991287788E0	0.2717288564073139E0	0.004182473448103531E0	-7.901427903133893E0	-239.09297032200706E0	0.009999999999999787E0	2.3909297054313763E0
hsa-miR-188-5p	0.18249776329666131E0	0.2717288564073139E0	0.49861569313519294E0	-1.0039998048136052E0	-2.005552600465111E0	55.72030640668524E0	111.75000542577348E0
hsa-miR-369-3p	0.1844869847751143E0	0.27401743326891975E0	11143.061263811804E0	13.443858009301893E0	11143.061263811804E0	111.43061281337043E0	0.009999999999990905E0
hsa-miR-130a-5p	0.18497448751512685E0	0.2740697785676452E0	0.5229539619738561E0	-0.9352441498596981E0	-1.9122142152352462E0	55.72030640668504E0	106.54916199979107E0
hsa-miR-26a-2-3p	0.18760383907200254E0	0.2770351822751657E0	0.5515856426390374E0	-0.8583431898176198E0	-1.8129550929127591E0	153.33720024532352E0	277.99345814567357E0
hsa-miR-6821-5p	0.1878901978796916E0	0.2770351822751657E0	27856.15315514259E0	14.765708419714473E0	27856.15315514259E0	278.56153203342615E0	0.010000000000019327E0
hsa-miR-708-3p	0.1905960364756138E0	0.2789229489534834E0	0.007821121214063075E0	-6.998408841577301E0	-127.85890572849205E0	0.010000000000019327E0	1.278589058334802E0
hsa-miR-181a-5p	0.1906170229503732E0	0.2789229489534834E0	11.872143973999265E0	3.5695085876894517E0	11.872143973999265E0	738.5431327693967E0	62.20806739526322E0
hsa-miR-377-3p	0.19089026901925576E0	0.2789229489534834E0	0.023101996606698472E0	-5.435838646786877E0	-43.286301916867565E0	0.010000000000019327E0	0.43286301944493744E0
hsa-miR-369-5p	0.19101159045494326E0	0.2789229489534834E0	0.016522578056658698E0	-5.9194173783580375E0	-60.52324259391191E0	0.009999999999990905E0	0.6052324263579294E0
hsa-miR-221-3p	0.19212273622828202E0	0.27987110133254545E0	1.4655719335994042E0	0.5514637805148348E0	1.4655719335994042E0	13137.802037065034E0	8964.283318356742E0
hsa-miR-576-5p	0.19498015227980878E0	0.28335245151454225E0	0.5923570749930195E0	-0.755460995007452E0	-1.6881709398200135E0	55.72030640668521E0	94.06540204195107E0
hsa-miR-6720-5p	0.19599022864493448E0	0.283626110610354E0	0.01168598307523476E0	-6.419077084827412E0	-85.5726038247673E0	0.009999999999990905E0	0.8557260388898698E0
hsa-miR-194-5p	0.19610452202267048E0	0.283626110610354E0	0.5912302562945118E0	-0.7582079933851732E0	-1.6913884046926486E0	153.33720024532352E0	259.35276252599283E0
hsa-miR-455-5p	0.1973746714182574E0	0.2847834544749142E0	0.6366790551335798E0	-0.6513617903042763E0	-1.5706500660528135E0	167.14091922005582E0	262.51989583312434E0
hsa-miR-532-3p	0.20025359298296716E0	0.2882510150776202E0	0.6527182805945659E0	-0.6154676496503706E0	-1.5320545321468437E0	153.33720024532352E0	234.92095259948042E0
hsa-let-7f-2-3p	0.20881408180593897E0	0.29924826898099965E0	0.5914603893600113E0	-0.7576465416856082E0	-1.6907302973949756E0	55.72030640668521E0	94.20801023026894E0
hsa-miR-18b-5p	0.20888121745703442E0	0.29924826898099965E0	0.20206867042234447E0	-2.3070824373461583E0	-4.948812687834766E0	153.33720024532352E0	758.8370822960437E0
hsa-miR-454-5p	0.2184101852126121E0	0.31216172697840316E0	0.7244492058146565E0	-0.4650435549854115E0	-1.3803590258277412E0	55.72030640668524E0	76.91402787454211E0
hsa-miR-548b-3p	0.22191732466643344E0	0.31642799705378505E0	0.8465389009749605E0	-0.24035172912421293E0	-1.1812806226013925E0	153.33720024532352E0	181.1342633788462E0
hsa-miR-205-5p	0.22377349276015715E0	0.3183256727996602E0	27856.153154588486E0	14.765708419685776E0	27856.153154588486E0	278.5615320334273E0	0.010000000000218279E0
hsa-miR-296-3p	0.224695483807699E0	0.318888672570177E0	0.8222301131606468E0	-0.2823858850969477E0	-1.2162045441950637E0	55.72030640668527E0	67.76728985799195E0
hsa-miR-3065-5p	0.22740802634408963E0	0.32198426159934185E0	0.8977025419985418E0	-0.1556906145921089E0	-1.1139547380290524E0	153.33720024532352E0	170.81070073250058E0
hsa-miR-324-3p	0.22834549113353067E0	0.322557966496316E0	0.9175889782092297E0	-0.12408003262951048E0	-1.089812567225474E0	222.85122562674087E0	242.8660663131492E0
hsa-miR-181a-2-3p	0.22921545250568234E0	0.32303387027545005E0	0.6212119681056975E0	-0.686842470312803E0	-1.609756494307999E0	1003.2909458280908E0	1615.0541158570306E0
hsa-miR-598-3p	0.2322339314329668E0	0.3265284511563292E0	1.0382846833683694E0	0.05420206505700094E0	1.0382846833683694E0	459.99160073597045E0	443.0303250171834E0
hsa-miR-629-5p	0.23514237893922046E0	0.32985250378973985E0	1.0267438391891226E0	0.038076290683935685E0	1.0267438391891226E0	278.56153203342615E0	271.3057740401738E0
hsa-miR-149-5p	0.24351848869727719E0	0.34081340450473435E0	1.0891718320121107E0	0.12323157722816999E0	1.0891718320121107E0	306.66440049064704E0	281.55741038555766E0
hsa-miR-16-1-3p	0.24444647266847888E0	0.3413238765831756E0	1.0973264251730377E0	0.13399275265687743E0	1.0973264251730377E0	153.33720024532352E0	139.73708891475817E0
hsa-miR-362-5p	0.24552602147924502E0	0.34140295127410647E0	1.0916880318417153E0	0.12656064085760585E0	1.0916880318417153E0	153.33720024532352E0	140.4588085337592E0
hsa-miR-500a-3p	0.24562984613120534E0	0.34140295127410647E0	1.1018929925189418E0	0.13998412712315034E0	1.1018929925189418E0	153.33720024532352E0	139.15797748407505E0
hsa-miR-561-3p	0.24856393263857285E0	0.34469048782374173E0	0.29661857644443407E0	-1.7533191420542475E0	-3.3713330162493422E0	55.72030640668524E0	187.8517087029411E0
hsa-miR-767-5p	0.25655825206683175E0	0.35496415696917816E0	1.3925506433053692E0	0.4777297954410306E0	1.3925506433053692E0	459.99160073597045E0	330.3230679053854E0
hsa-miR-137-3p	0.258452696481846E0	0.3567706926378102E0	0.38223665565021E0	-1.3874619586729358E0	-2.616180277893373E0	431.88873227874956E0	1129.8987838155406E0
hsa-miR-146b-5p	0.26065558012091006E0	0.35899382171198063E0	1.1163530961388703E0	0.15879341558847937E0	1.1163530961388703E0	55.72030640668527E0	49.912797840010796E0
hsa-miR-182-5p	0.26222696383432903E0	0.3603390931600984E0	0.6401126400032087E0	-0.6436022977821358E0	-1.5622250483836522E0	4599.330576851949E0	7185.189433496253E0
hsa-miR-30b-5p	0.2641198011978043E0	0.36188923399010164E0	0.7140080776314842E0	-0.4859876992142684E0	-1.400544379437851E0	891.87033301472E0	1249.103982162188E0
hsa-miR-378a-3p	0.2645493905241172E0	0.36188923399010164E0	0.7473903212758743E0	-0.4200662139860869E0	-1.3379889617688576E0	808.0571581508138E0	1081.1715581372625E0
hsa-miR-551a	0.26634970889293413E0	0.3635313594349507E0	0.254189136132435E0	-1.9760257230133655E0	-3.9340784394459343E0	55.72030640668527E0	219.2080561245649E0
hsa-miR-542-3p	0.26713126360243034E0	0.36377875447881525E0	0.409496842356837E0	-1.2880757676454886E0	-2.442021272360866E0	222.85122562674104E0	544.2074336342453E0
hsa-miR-190b-5p	0.27093410630305825E0	0.36813019825034377E0	1.3370992448877423E0	0.4191065520382561E0	1.3370992448877423E0	111.43061281337046E0	83.33757814458953E0
hsa-miR-339-3p	0.27347872602177464E0	0.3707563936671039E0	1.4643274723201551E0	0.5502382242923305E0	1.4643274723201551E0	153.33720024532352E0	104.71510173369359E0
hsa-miR-30d-3p	0.2824074822248258E0	0.38200654961661706E0	1.51813629377188E0	0.602301317447771E0	1.51813629377188E0	153.33720024532352E0	101.00357975998293E0
hsa-miR-503-5p	0.28453478144232786E0	0.3840268987840772E0	1.7987886269146929E0	0.8470256675131385E0	1.7987886269146929E0	334.2718384401114E0	185.83163880701022E0
hsa-miR-329-3p	0.2910171731903144E0	0.3919031265629567E0	5572.030632557265E0	12.4439874739216E0	5572.030632557265E0	55.720306406685225E0	0.009999999999990905E0
hsa-miR-29a-5p	0.29664346657028495E0	0.3985941036398951E0	1.5948456667450162E0	0.6734168211096013E0	1.5948456667450162E0	55.720306406685246E0	34.93774197977088E0
hsa-miR-569	0.3026014827371702E0	0.4048222209152484E0	1.404601232620113E0	0.4901606063339431E0	1.404601232620113E0	55.72030640668524E0	39.66984017203858E0
hsa-miR-1260b	0.30261463048615106E0	0.4048222209152484E0	1.6299034916499728E0	0.7047865434502489E0	1.6299034916499728E0	55.72030640668527E0	34.18626114217477E0
hsa-miR-23a-3p	0.30530874126379787E0	0.4075266458278888E0	1.5041259824088473E0	0.5889254091595645E0	1.5041259824088473E0	5518.302917308378E0	3668.777071512616E0
hsa-miR-1197	0.3067644949667643E0	0.4085698548348553E0	5572.0306325414285E0	12.4439874739175E0	5572.0306325414285E0	55.72030640668525E0	0.010000000000019327E0
hsa-miR-197-3p	0.31101043752960955E0	0.41259850333913545E0	2.0847551455453948E0	1.0598779491130048E0	2.0847551455453948E0	167.14091922005582E0	80.17292561021304E0
hsa-miR-624-5p	0.31157482285337434E0	0.41259850333913545E0	2.0902372411332437E0	1.063666696938754E0	2.0902372411332437E0	153.33720024532352E0	73.3587543120697E0
hsa-miR-10b-5p	0.3118318721606007E0	0.41259850333913545E0	0.7425010773926569E0	-0.4295349755760929E0	-1.3467993925497967E0	1950.8615852494963E0	2627.4191980948585E0
hsa-miR-136-3p	0.3280114665142194E0	0.4330608904305381E0	11143.061263811824E0	13.443858009301895E0	11143.061263811824E0	111.43061281337054E0	0.009999999999990905E0
hsa-miR-17-3p	0.330357766952344E0	0.43521044950678356E0	2.4258360815110938E0	1.2784820680261348E0	2.4258360815110938E0	153.33720024532354E0	63.210041845391345E0
hsa-miR-487b-5p	0.3314254918626397E0	0.43566995242681056E0	5572.030632557265E0	12.4439874739216E0	5572.030632557265E0	55.72030640668523E0	0.009999999999990905E0
hsa-miR-935	0.33269686621808664E0	0.43639459075359416E0	2.496361740323108E0	1.319827005977527E0	2.496361740323108E0	167.14091922005537E0	66.95380581045129E0
hsa-miR-4521	0.3355716357905626E0	0.4392147112075182E0	29.152192317868273E0	4.8655324766728825E0	29.152192317868273E0	418.0850133040175E0	14.341460446857994E0
hsa-miR-181b-3p	0.3423667689507506E0	0.44714280600033374E0	2.250708269403464E0	1.1703790707590784E0	2.250708269403464E0	55.72030640668524E0	24.7567875217431E0
hsa-miR-128-1-5p	0.34844754306058284E0	0.4541058303112112E0	2.6323627543211052E0	1.3963583142246005E0	2.6323627543211052E0	111.43061281337049E0	42.33102470859703E0
hsa-miR-589-5p	0.3522474491234171E0	0.457166108192668E0	1.7456679297395272E0	0.8037791479242096E0	1.7456679297395272E0	209.0475066520088E0	119.75216080387787E0
hsa-miR-195-5p	0.35230457512537283E0	0.457166108192668E0	0.8717788947956757E0	-0.19796581748838651E0	-1.1470798455546187E0	55.72030640668524E0	63.91564046871764E0
hsa-miR-1226-3p	0.36076155204793137E0	0.46713995842103934E0	24.5196655706755E0	4.6158673968027495E0	24.5196655706755E0	418.0850133040174E0	17.0510079704405E0
hsa-miR-12136	0.3625873813597236E0	0.4685030983027559E0	17.91284629745036E0	4.162922690332776E0	17.91284629745036E0	571.412213549341E0	31.899576638037228E0
hsa-miR-769-3p	0.3634224246991233E0	0.46858295610142275E0	3.396237571253099E0	1.7639373808228622E0	3.396237571253099E0	278.56153203342615E0	82.0206260992307E0
hsa-miR-502-3p	0.367521331116788E0	0.47286184003561255E0	3.2112422125728837E0	1.6831314865208435E0	3.2112422125728837E0	153.33720024532352E0	47.75011975576203E0
hsa-miR-130b-5p	0.37311028106563776E0	0.47903565746986543E0	2.7953903741641066E0	1.4830497684152368E0	2.7953903741641066E0	55.72030640668525E0	19.932924900935944E0
hsa-miR-224-5p	0.38227411116005233E0	0.4897634489703842E0	0.775931119799543E0	-0.36599950630770584E0	-1.2887741894645801E0	654.7299579054907E0	843.7990708539771E0
hsa-miR-140-3p	0.3832137772930635E0	0.48993153805822043E0	3.187336134678855E0	1.6723511729477756E0	3.187336134678855E0	878.0666140399879E0	275.4860412475989E0
hsa-miR-1307-5p	0.3885058468111008E0	0.49565166982637276E0	1.4732885836684864E0	0.5590400491444054E0	1.4732885836684864E0	1407.0668096496197E0	955.0517292776069E0
hsa-miR-1250-5p	0.3916677951240912E0	0.4986358904310909E0	3.964095928125325E0	1.986991875076406E0	3.964095928125325E0	153.33720024532352E0	38.681505944830846E0
hsa-miR-10a-3p	0.39353032359532286E0	0.4999567633097812E0	3.888551507807464E0	1.959232848869793E0	3.888551507807464E0	153.33720024532346E0	39.43298678242684E0
hsa-let-7f-5p	0.3956456806370961E0	0.5008709793366013E0	1.192645358146116E0	0.25416511084008736E0	1.192645358146116E0	8902.827889141445E0	7464.773855922602E0
hsa-miR-676-3p	0.3959029688155644E0	0.5008709793366013E0	1.3051732673116991E0	0.3842413434221218E0	1.3051732673116991E0	55.72030640668524E0	42.69188451809754E0
hsa-miR-362-3p	0.3987659111243714E0	0.5034419627945188E0	1.589870733860015E0	0.6689094704150672E0	1.589870733860015E0	153.33720024532352E0	96.44633174738246E0
hsa-miR-132-5p	0.41358253553258917E0	0.5210624044339897E0	0.6786888002841435E0	-0.55917788890557E0	-1.4734293531605864E0	209.0475066520089E0	308.0167325262638E0
hsa-miR-376b-3p	0.4227766518115991E0	0.5315407697050396E0	900.9366170826246E0	9.815281802542637E0	900.9366170826246E0	389.9821448467965E0	0.4328630194447669E0
hsa-miR-28-5p	0.43152772551368934E0	0.5414198792159332E0	1.774611772153868E0	0.8275034439698941E0	1.774611772153868E0	55.72030640668524E0	31.398589412973188E0
hsa-miR-550a-3p	0.44509900045978856E0	0.5572933766087436E0	0.011685983075243104E0	-6.419077084826382E0	-85.5726038247062E0	0.00999999999999801E0	0.8557260388898662E0
hsa-miR-301b-5p	0.4524808181911911E0	0.5639905264085578E0	5.978925342661441E0	2.5798861964400968E0	5.978925342661441E0	222.85122562674093E0	37.27278947093252E0
hsa-miR-222-5p	0.4527364324688551E0	0.5639905264085578E0	5.7905744528718746E0	2.5337064776099543E0	5.7905744528718746E0	153.33720024532386E0	26.480481590871932E0
hsa-miR-548j-5p	0.45323991148674525E0	0.5639905264085578E0	5.82851400083245E0	2.5431281103731775E0	5.82851400083245E0	153.33720024532352E0	26.308112183959302E0
hsa-miR-330-5p	0.4708738901570585E0	0.5847327406458553E0	1.8648335423255178E0	0.8990468592316476E0	1.8648335423255178E0	55.72030640668523E0	29.879506742106358E0
hsa-miR-409-5p	0.4801267702683577E0	0.5946477065053293E0	276.15988797430634E0	8.109359974167608E0	276.15988797430634E0	167.1409192200557E0	0.6052324263578441E0
hsa-miR-363-5p	0.4808207527848372E0	0.5946477065053293E0	6.366267697161885E0	2.67044782257986E0	6.366267697161885E0	278.56153203342615E0	43.75586217817005E0
hsa-miR-642a-3p	0.49280608846947443E0	0.6082291030804511E0	1.8062133084800132E0	0.8529682809217826E0	1.8062133084800132E0	55.72030640668524E0	30.849239200885066E0
hsa-miR-1185-1-3p	0.4943220006857517E0	0.6088600252348894E0	128.72503276539194E0	7.008148827130623E0	128.72503276539194E0	55.72030640668525E0	0.43286301944493744E0
hsa-miR-323b-3p	0.496984104704195E0	0.6108972970603289E0	184.1120995214951E0	7.524440630944127E0	184.1120995214951E0	111.43061281337044E0	0.6052324263578157E0
hsa-miR-3934-3p	0.5107390977943199E0	0.6255325865636941E0	0.02310199660666564E0	-5.435838646788927E0	-43.28630191692908E0	0.010000000000005116E0	0.43286301944493744E0
hsa-miR-4772-3p	0.5109548355594532E0	0.6255325865636941E0	0.02310199660666564E0	-5.435838646788927E0	-43.28630191692908E0	0.010000000000005116E0	0.43286301944493744E0
hsa-miR-5699-5p	0.5141950700852223E0	0.6282302670799288E0	4.175458598186304E0	2.0619346601003414E0	4.175458598186304E0	153.33720024532352E0	36.72343925884441E0
hsa-miR-409-3p	0.515590187776581E0	0.6286673114539398E0	261.4380562284138E0	8.030325352085567E0	261.4380562284138E0	334.2718384401114E0	1.2785890583345463E0
hsa-let-7i-3p	0.5183255453427533E0	0.6307334949351576E0	5.041283554111399E0	2.3337911030490077E0	5.041283554111399E0	55.72030640668527E0	11.052801492592323E0
hsa-miR-655-3p	0.5255676997533031E0	0.6369972101601993E0	0.02310199660663357E0	-5.43583864679093E0	-43.286301916989174E0	0.009999999999990905E0	0.4328630194449232E0
hsa-miR-30c-2-3p	0.5255752559077552E0	0.6369972101601993E0	0.6794133025954616E0	-0.5576386290979479E0	-1.4718581402216422E0	473.79531971070276E0	697.3594981606327E0
hsa-miR-378d	0.5332519866083512E0	0.645011384999323E0	3.7304312853760058E0	1.899342434047241E0	3.7304312853760058E0	55.72030640668524E0	14.936692873215836E0
hsa-miR-330-3p	0.5354176157508049E0	0.64634078714141E0	9.274109708474326E0	3.2132087932355877E0	9.274109708474326E0	153.3372002453235E0	16.53389974970177E0
hsa-miR-503-3p	0.5527055403845197E0	0.6658838120735963E0	7.542857243481663E0	2.9151111216595753E0	7.542857243481663E0	55.72030640668524E0	7.3871617331514585E0
hsa-miR-421	0.5636482720429669E0	0.6777199461469007E0	0.962886273694734E0	-0.05456268317950232E0	-1.0385442469367179E0	724.7394137946646E0	752.6739487295456E0
hsa-miR-2277-5p	0.5708521794117999E0	0.6850226152941599E0	8.730913106111904E0	3.1261325432901814E0	8.730913106111904E0	222.85122562674093E0	25.524389355013867E0
hsa-miR-92a-1-5p	0.5743840493890564E0	0.6873337872614823E0	8.518054597006406E0	3.0905239769624413E0	8.518054597006406E0	55.72030640668527E0	6.541435694261736E0
hsa-miR-126-5p	0.5750465843920323E0	0.6873337872614823E0	2.6029872215234096E0	1.380168229340927E0	2.6029872215234096E0	32131.05307768265E0	12343.915024556634E0
hsa-miR-1287-5p	0.5852652418161612E0	0.6981707412216412E0	9.106749130436489E0	3.186936141798579E0	9.106749130436489E0	55.72030640668523E0	6.118572674816663E0
hsa-miR-320b	0.5922795914767698E0	0.7051501619546611E0	13.395236042140464E0	3.7436480985256693E0	13.395236042140464E0	167.14091922005568E0	12.477638962165315E0
hsa-miR-181b-5p	0.6072943143284739E0	0.7202670497147483E0	23.03933388147908E0	4.526027100739677E0	23.03933388147908E0	1114.2161281337048E0	48.36147317779458E0
hsa-miR-3180-3p	0.6073538983568257E0	0.7202670497147483E0	9.782855825994288E0	3.2902556803687384E0	9.782855825994288E0	55.72030640668524E0	5.695709655371729E0
hsa-miR-760	0.6123606053187712E0	0.7247861852015144E0	253.3525855922034E0	7.985002742148167E0	253.3525855922034E0	153.33720024532352E0	0.6052324263578441E0
hsa-miR-539-3p	0.6330493093878226E0	0.7478126344815214E0	92.06431106053792E0	6.524570095563832E0	92.06431106053792E0	55.72030640668521E0	0.6052324263578157E0
hsa-miR-7706	0.6420368500648168E0	0.7569539516328384E0	7.295472742099684E0	2.867001466914247E0	7.295472742099684E0	55.72030640668524E0	7.637655345683488E0
hsa-miR-381-3p	0.6447165841241931E0	0.7586373786005067E0	11.716436338376074E0	3.5504619224328247E0	11.716436338376074E0	55.72030640668527E0	4.755738415188716E0
hsa-miR-378c	0.6485260985020641E0	0.7602629111129221E0	4.101288431009166E0	2.0360772075407865E0	4.101288431009166E0	473.79531971070276E0	115.52353060942852E0
hsa-miR-183-5p	0.6486071370385821E0	0.7602629111129221E0	1.1967184605343049E0	0.2590837843903763E0	1.1967184605343049E0	3191.778336694573E0	2667.1087994854925E0
hsa-miR-320d	0.6516019454721318E0	0.762298801073575E0	16.81420225261809E0	4.071608426919053E0	16.81420225261809E0	167.1409192200557E0	9.94046084549575E0
hsa-miR-191-5p	0.6939158595342901E0	0.8102370151787666E0	1.0947722374794102E0	0.1306307547235936E0	1.0947722374794102E0	22824.52765996212E0	20848.65406540087E0
hsa-miR-129-5p	0.7220926279108805E0	0.8415156394499876E0	17.715066418237598E0	4.146904969380133E0	17.715066418237598E0	153.33720024532352E0	8.655750791486263E0
hsa-miR-147b-5p	0.7417849608673293E0	0.8628055398955883E0	18.183779269961605E0	4.184580171613716E0	18.183779269961605E0	55.72030640668524E0	3.0642863374083316E0
hsa-miR-27b-3p	0.7485782225485361E0	0.8690390859471512E0	1.0622416720825691E0	0.08711203304420889E0	1.0622416720825691E0	6912.546868998779E0	6507.508649492122E0
hsa-miR-92b-3p	0.7527187255307128E0	0.8715865078617534E0	2.056837751336532E0	1.0404279948476953E0	2.056837751336532E0	515.7019071426557E0	250.72561350293552E0
hsa-miR-6514-5p	0.7539944999610597E0	0.8715865078617534E0	17.215394772109814E0	4.105627359108287E0	17.215394772109814E0	55.72030640668523E0	3.2366557443212436E0
hsa-miR-1275	0.7550873211673607E0	0.8715865078617534E0	19.26760267256427E0	4.26810517365338E0	19.26760267256427E0	55.72030640668524E0	2.8919169304954204E0
hsa-miR-23a-5p	0.7594081946481905E0	0.8749075398418317E0	19.26760267256432E0	4.2681051736533835E0	19.26760267256432E0	55.72030640668523E0	2.8919169304954124E0
hsa-miR-199a-5p	0.7796933376740679E0	0.8962599345720302E0	0.39704112935103897E0	-1.332639631505735E0	-2.5186307565528367E0	794.2534391760821E0	2000.4311407187972E0
hsa-miR-3679-5p	0.7808997449736501E0	0.8962599345720302E0	27.37448419368104E0	4.774759875738918E0	27.37448419368104E0	153.33720024532352E0	5.601464454077931E0
hsa-let-7a-5p	0.8008575985265581E0	0.9162817332247213E0	0.9702139774057116E0	-0.043625130991975195E0	-1.0307004674102245E0	8902.827889141437E0	9176.14886665772E0
hsa-miR-382-5p	0.8013685125562744E0	0.9162817332247213E0	537.5441872020047E0	9.070239541754958E0	537.5441872020047E0	779.9542896935934E0	1.4509584652478225E0
hsa-miR-150-5p	0.8088058624003708E0	0.922766962599263E0	58.535049900836356E0	5.871228842248792E0	58.535049900836356E0	557.1130640668523E0	9.517597826050803E0
hsa-miR-376c-3p	0.810627550783767E0	0.922766962599263E0	298.28397883436963E0	8.220542680766915E0	298.28397883436963E0	306.66440049064704E0	1.028095445802819E0
hsa-miR-3150a-5p	0.8116085661145334E0	0.922766962599263E0	20.48881510438464E0	4.356764648662731E0	20.48881510438464E0	55.72030640668524E0	2.71954752358251E0
hsa-miR-10b-3p	0.8352576854322386E0	0.947876699198383E0	1.1054603478922964E0	0.14464727759638146E0	1.1054603478922964E0	320.46811946537923E0	289.89562590007614E0
hsa-let-7d-3p	0.839747356411319E0	0.9511904635238493E0	19.802562529206295E0	4.307615227665376E0	19.802562529206295E0	55.72030640668521E0	2.8137927248763503E0
hsa-miR-1296-3p	0.8433770201906639E0	0.9535195414842207E0	41.9009192320121E0	5.388909989335098E0	41.9009192320121E0	153.33720024532352E0	3.659518763766176E0
hsa-miR-491-5p	0.8479053642491972E0	0.9568540982030046E0	26.99794110937604E0	4.754777484957874E0	26.99794110937604E0	153.33720024532352E0	5.67958865969706E0
hsa-miR-152-3p	0.8570428830039114E0	0.9639125905454751E0	1.9364433123781275E0	0.9534092683954338E0	1.9364433123781275E0	919.4777709641846E0	474.8281372266811E0
hsa-miR-501-5p	0.8573413965412723E0	0.9639125905454751E0	13.915265265082583E0	3.7985965057467133E0	13.915265265082583E0	55.72030640668524E0	4.004257577592E0
hsa-miR-574-3p	0.8692617872892114E0	0.9755048946245596E0	1.3281628156334704E0	0.409432013333146E0	1.3281628156334704E0	780.4497202013499E0	587.6159993168526E0
hsa-miR-497-3p	0.8737884197296367E0	0.978397861679325E0	29.73618716080833E0	4.894147768611302E0	29.73618716080833E0	55.72030640668523E0	1.8738214846926435E0
hsa-miR-376a-3p	0.8750687145712774E0	0.978397861679325E0	205.91763615471152E0	7.685923587026739E0	205.91763615471152E0	334.2718384401114E0	1.623327872160644E0
hsa-miR-186-5p	0.8882531322540422E0	0.9907300771544579E0	0.9957440506199502E0	-0.006153140098790276E0	-1.0042741399031208E0	2006.5718916561818E0	2015.1482606482414E0
hsa-miR-200b-3p	0.8893682540792494E0	0.9907300771544579E0	317.02602886711907E0	8.308457484953008E0	317.02602886711907E0	459.99160073597056E0	1.4509584652477088E0
hsa-let-7g-5p	0.8967674040240835E0	0.9971395354836599E0	1.0156272768176073E0	0.022371047243631623E0	1.0156272768176073E0	1894.6558483350555E0	1865.5031147517593E0
hsa-miR-185-5p	0.9058667010601927E0	1.0E0	1.0485875672907439E0	0.0684473455746475E0	1.0485875672907439E0	1490.8799845135259E0	1421.7982655979763E0
hsa-miR-196b-5p	0.9190804851835321E0	1.0E0	102.101355314909E0	6.673858206755575E0	102.101355314909E0	459.9916007359705E0	4.505244802655966E0
hsa-miR-584-5p	0.9236357577325409E0	1.0E0	34.32473952366275E0	5.101176867281708E0	34.32473952366275E0	55.72030640668521E0	1.623327872160587E0
hsa-miR-181a-3p	0.9252248386455493E0	1.0E0	1.3071718504472696E0	0.3864488209268648E0	1.3071718504472696E0	320.46811946537923E0	245.16142949469838E0
hsa-miR-548h-5p	0.9352532414548798E0	1.0E0	38.40241309929221E0	5.263125063568173E0	38.40241309929221E0	55.72030640668524E0	1.4509584652477108E0
hsa-miR-6807-5p	0.948441610435891E0	1.0E0	115.1934552844316E0	6.847914942172017E0	115.1934552844316E0	167.1409192200557E0	1.4509584652477088E0
hsa-miR-365a-5p	0.9539696738594479E0	1.0E0	94.45855193964044E0	6.561609513866072E0	94.45855193964044E0	153.33720024532352E0	1.6233278721606297E0
hsa-miR-424-5p	0.9562056217251662E0	1.0E0	0.9719312927861924E0	-0.041073763628470754E0	-1.028879312171691E0	640.9262389307582E0	659.4357478670379E0
hsa-miR-379-5p	0.9611366048007639E0	1.0E0	141.83138860370752E0	7.1480330395004925E0	141.83138860370752E0	445.6924512534822E0	3.142410543027836E0
hsa-miR-122-5p	0.9708130890660255E0	1.0E0	50.226542327509705E0	5.650378055968093E0	50.226542327509705E0	111.43061281337046E0	2.218560298518465E0
hsa-miR-28-3p	0.9742163992616408E0	1.0E0	1.0191047900346746E0	0.02730240507635171E0	1.0191047900346746E0	1477.0762655387935E0	1449.3860493814536E0
hsa-miR-126-3p	0.978177128866085E0	1.0E0	4.122990568376296E0	2.043691160965898E0	4.122990568376296E0	95182.30707209112E0	23085.744551389012E0
hsa-miR-1248	0.9893826889021342E0	1.0E0	159.0611388216412E0	7.313437595038214E0	159.0611388216412E0	459.99160073597056E0	2.8919169304954213E0
hsa-miR-654-3p	0.9900798156907645E0	1.0E0	135.38458462450896E0	7.080919667595525E0	135.38458462450896E0	334.2718384401114E0	2.469053911050196E0
hsa-miR-154-5p	0.9924567868571996E0	1.0E0	54.1976006183015E0	5.760157078335509E0	54.1976006183015E0	55.72030640668524E0	1.028095445802819E0
hsa-miR-3180-5p	0.9996705934272059E0	1.0E0	81.83127442175712E0	6.3545804151957155E0	81.83127442175712E0	153.33720024532352E0	1.8738214846926269E0
hsa-miR-3689e	0.9999999999999928E0	1.0E0	1.0E0	0.0E0	-1.0E0	0.009999999999763531E0	0.009999999999763531E0
hsa-miR-3689b-5p	0.9999999999999933E0	1.0E0	1.0E0	0.0E0	-1.0E0	0.009999999999763531E0	0.009999999999763531E0
hsa-miR-487b-3p	0.9999999999999956E0	1.0E0	1.0E0	0.0E0	-1.0E0	0.009999999999990905E0	0.009999999999990905E0
hsa-miR-495-5p	0.9999999999999958E0	1.0E0	1.0E0	0.0E0	-1.0E0	0.009999999999990905E0	0.009999999999990905E0
hsa-miR-487a-5p	0.9999999999999987E0	1.0E0	1.0E0	0.0E0	-1.0E0	0.010000000000000231E0	0.010000000000000231E0
hsa-let-7f-1-3p	1.0E0	1.0E0	1.0E0	0.0E0	-1.0E0	0.009999999999990905E0	0.009999999999990905E0
hsa-miR-873-5p	1.0E0	1.0E0	1.0E0	0.0E0	-1.0E0	0.00999999999999801E0	0.00999999999999801E0
hsa-miR-379-3p	1.0E0	1.0E0	1.0E0	0.0E0	-1.0E0	0.010000000000005116E0	0.010000000000005116E0
hsa-miR-376a-5p	1.0E0	1.0E0	1.0E0	0.0E0	-1.0E0	0.009999999999999787E0	0.009999999999999787E0
hsa-miR-380-3p	1.0E0	1.0E0	1.0E0	0.0E0	-1.0E0	0.00999999999999801E0	0.00999999999999801E0
hsa-miR-495-3p	1.0E0	1.0E0	1.0E0	0.0E0	-1.0E0	0.010000000000005116E0	0.010000000000005116E0
hsa-miR-758-3p	1.0E0	1.0E0	1.0E0	0.0E0	-1.0E0	0.009999999999990905E0	0.009999999999990905E0
hsa-miR-496	1.0E0	1.0E0	1.0E0	0.0E0	-1.0E0	0.00999999999999801E0	0.00999999999999801E0
hsa-miR-493-5p	1.0E0	1.0E0	1.0E0	0.0E0	-1.0E0	0.009999999999990905E0	0.009999999999990905E0
hsa-miR-493-3p	1.0E0	1.0E0	1.0E0	0.0E0	-1.0E0	0.009999999999990905E0	0.009999999999990905E0
hsa-miR-136-5p	1.0E0	1.0E0	1.0E0	0.0E0	-1.0E0	0.009999999999990905E0	0.009999999999990905E0
hsa-miR-487a-3p	1.0E0	1.0E0	1.0E0	0.0E0	-1.0E0	0.00999999999999801E0	0.00999999999999801E0
hsa-miR-485-5p	1.0E0	1.0E0	1.0E0	0.0E0	-1.0E0	0.009999999999990905E0	0.009999999999990905E0
hsa-miR-543	1.0E0	1.0E0	1.0E0	0.0E0	-1.0E0	0.010000000000005116E0	0.010000000000005116E0
hsa-miR-544a	1.0E0	1.0E0	1.0E0	0.0E0	-1.0E0	0.00999999999999801E0	0.00999999999999801E0
hsa-miR-4798-5p	1.0E0	1.0E0	1.0E0	0.0E0	-1.0E0	0.00999999999999801E0	0.00999999999999801E0
hsa-miR-34a-3p	1.0E0	1.0E0	1.0E0	0.0E0	-1.0E0	0.010000000000005116E0	0.010000000000005116E0
hsa-miR-3689a-3p	1.0E0	1.0E0	1.0E0	0.0E0	-1.0E0	0.009999999999999787E0	0.009999999999999787E0
hsa-miR-3689a-5p	1.0E0	1.0E0	1.0E0	0.0E0	-1.0E0	0.009999999999763531E0	0.009999999999763531E0
hsa-miR-1271-5p	1.0E0	1.0E0	1.0E0	0.0E0	-1.0E0	0.009999999999990905E0	0.009999999999990905E0
hsa-miR-154-3p	1.0E0	1.0E0	1.0E0	0.0E0	-1.0E0	0.00999999999999801E0	0.00999999999999801E0
hsa-miR-1270	1.0E0	1.0E0	1.0E0	0.0E0	-1.0E0	0.010000000000019327E0	0.010000000000019327E0
hsa-miR-410-3p	1.0E0	1.0E0	1.0E0	0.0E0	-1.0E0	0.009999999999999787E0	0.009999999999999787E0
hsa-miR-127-5p	1.0E0	1.0E0	1.0E0	0.0E0	-1.0E0	0.010000000000005116E0	0.010000000000005116E0
hsa-miR-329-5p	1.0E0	1.0E0	1.0E0	0.0E0	-1.0E0	0.010000000000005116E0	0.010000000000005116E0
hsa-miR-3689f	1.0E0	1.0E0	1.0E0	0.0E0	-1.0E0	0.010000000000218279E0	0.010000000000218279E0
hsa-miR-431-5p	1.0E0	1.0E0	1.0E0	0.0E0	-1.0E0	0.009999999999990905E0	0.009999999999990905E0
hsa-miR-431-3p	1.0E0	1.0E0	1.0E0	0.0E0	-1.0E0	0.009999999999990905E0	0.009999999999990905E0
hsa-miR-370-3p	1.0E0	1.0E0	1.0E0	0.0E0	-1.0E0	0.009999999999990905E0	0.009999999999990905E0
hsa-miR-656-3p	1.0E0	1.0E0	1.0E0	0.0E0	-1.0E0	0.010000000000005116E0	0.010000000000005116E0
hsa-miR-370-5p	1.0E0	1.0E0	1.0E0	0.0E0	-1.0E0	0.010000000000005116E0	0.010000000000005116E0
hsa-miR-665	1.0E0	1.0E0	1.0E0	0.0E0	-1.0E0	0.009999999999990905E0	0.009999999999990905E0
hsa-miR-1185-5p	1.0E0	1.0E0	1.0E0	0.0E0	-1.0E0	0.009999999999999787E0	0.009999999999999787E0
hsa-miR-6720-3p	1.0E0	1.0E0	1.0E0	0.0E0	-1.0E0	0.009999999999990905E0	0.009999999999990905E0
hsa-miR-412-5p	1.0E0	1.0E0	1.0E0	0.0E0	-1.0E0	0.010000000000005116E0	0.010000000000005116E0
hsa-miR-1185-2-3p	1.0E0	1.0E0	1.0E0	0.0E0	-1.0E0	0.010000000000005116E0	0.010000000000005116E0
hsa-miR-411-3p	1.0E0	1.0E0	1.0E0	0.0E0	-1.0E0	0.009999999999999787E0	0.009999999999999787E0
hsa-miR-410-5p	1.0E0	1.0E0	1.0E0	0.0E0	-1.0E0	0.009999999999990905E0	0.009999999999990905E0
hsa-miR-1262	1.0E0	1.0E0	1.0E0	0.0E0	-1.0E0	0.009999999999999787E0	0.009999999999999787E0
hsa-miR-376b-5p	1.0E0	1.0E0	1.0E0	0.0E0	-1.0E0	0.010000000000005116E0	0.010000000000005116E0
