microRNA ID	P-value (EV CL1-5 vs. EV CL1-0)	FDR step up (EV CL1-5 vs. EV CL1-0)	Ratio (EV CL1-5 vs. EV CL1-0)	Log2(Ratio) (EV CL1-5 vs. EV CL1-0)	Fold change (EV CL1-5 vs. EV CL1-0)	LSMean(EV CL1-5) (EV CL1-5 vs. EV CL1-0)	LSMean(EV CL1-0) (EV CL1-5 vs. EV CL1-0)
hsa-miR-6084	3.785449377009253E-9	2.2939823224676075E-6	4.6908798837085145E-6	-17.70171001016513E0	-213179.621902708E0	0.01E0	2131.7962234442844E0
hsa-miR-370-3p	3.794658184970431E-7	4.266951536973224E-5	125453.18243319594E0	16.93678954320984E0	125453.18243319594E0	1254.531826817954E0	0.009999999999990905E0
hsa-miR-3689f	4.80030717886717E-7	4.266951536973224E-5	365513.5043776541E0	18.479565183866946E0	365513.5043776541E0	3655.135051762777E0	0.010000000000218279E0
hsa-miR-125b-2-3p	5.339415374800873E-7	4.266951536973224E-5	3.7770367951260985E-5	-14.692385636147902E0	-26475.781260336236E0	0.01E0	264.7578130586939E0
hsa-miR-665	6.085628034877355E-7	4.266951536973224E-5	7964.7906379665765E0	12.95942072431134E0	7964.7906379665765E0	79.6479065004155E0	0.009999999999990905E0
hsa-miR-3689a-5p	6.110567710866413E-7	4.266951536973224E-5	149344.55433497642E0	17.188285106948857E0	149344.55433497642E0	1493.4455463192003E0	0.009999999999763531E0
hsa-miR-1270	6.552094185594417E-7	4.266951536973224E-5	15928.581274025071E0	13.959330154254646E0	15928.581274025071E0	159.285813000831E0	0.010000000000019327E0
hsa-miR-1271-5p	7.261014063422958E-7	4.266951536973224E-5	14312.341297656263E0	13.80497207552908E0	14312.341297656263E0	143.12341320770972E0	0.009999999999990905E0
hsa-miR-3689e	7.313718777413712E-7	4.266951536973224E-5	122455.52097683461E0	16.90189829453178E0	122455.52097683461E0	1224.555212162093E0	0.009999999999763531E0
hsa-miR-487b-3p	7.439406571970771E-7	4.266951536973224E-5	14312.341297656263E0	13.80497207552908E0	14312.341297656263E0	143.12341320770972E0	0.009999999999990905E0
hsa-miR-942-5p	8.343221910910257E-7	4.266951536973224E-5	63476.506588811215E0	15.95393511160281E0	63476.506588811215E0	634.7650670729422E0	0.009999999999990905E0
hsa-miR-495-3p	8.494183113754981E-7	4.266951536973224E-5	4732.310684652232E0	12.208329076956316E0	4732.310684652232E0	47.32310691417293E0	0.010000000000005116E0
hsa-miR-3689b-5p	1.0007775184751448E-6	4.266951536973224E-5	146789.04038902052E0	17.16338473167344E0	146789.04038902052E0	1467.8904068045517E0	0.009999999999763531E0
hsa-miR-214-3p	1.009692310612359E-6	4.266951536973224E-5	1.8885540634749757E-5	-15.69235839016054E0	-52950.56251447633E0	0.01E0	529.5056261173879E0
hsa-miR-125a-3p	1.1856176353065286E-6	4.266951536973224E-5	79051.86011733524E0	16.270511789640775E0	79051.86011733524E0	790.5186026782004E0	0.009999999999990905E0
hsa-miR-18a-3p	1.2483280008761566E-6	4.266951536973224E-5	39702.54393272751E0	15.27694383028158E0	39702.54393272751E0	397.0254400368866E0	0.009999999999990905E0
hsa-miR-29b-1-5p	1.3180814454399312E-6	4.266951536973224E-5	72586.900211789E0	16.147421587484782E0	72586.900211789E0	725.8690035057152E0	0.010000000000218279E0
hsa-miR-941	1.3962836029185665E-6	4.266951536973224E-5	52162.826756473274E0	15.670734432343982E0	52162.826756473274E0	521.6282685210931E0	0.009999999999990905E0
hsa-let-7b-3p	1.4436258205932571E-6	4.266951536973224E-5	6348.550661347894E0	12.632211554917863E0	6348.550661347894E0	63.48550670729422E0	0.009999999999990905E0
hsa-miR-105-5p	1.4677184553872462E-6	4.266951536973224E-5	39585.13468643807E0	15.272671139640755E0	39585.13468643807E0	395.85134757169567E0	0.009999999999990905E0
hsa-miR-708-5p	1.478646572218444E-6	4.266951536973224E-5	225515.162216583E0	17.78286490889E0	225515.162216583E0	2255.151626806731E0	0.009999999999763531E0
hsa-let-7f-1-3p	1.6344619098942501E-6	4.359200750054984E-5	9463.621368211763E0	13.208176638440108E0	9463.621368211763E0	94.63621382834587E0	0.009999999999990905E0
hsa-miR-361-3p	1.6544821328591523E-6	4.359200750054984E-5	20659.891956853608E0	14.334545089041915E0	20659.891956853608E0	206.59891991500393E0	0.009999999999990905E0
hsa-miR-495-5p	1.8077092093142932E-6	4.385345953493495E-5	4732.310684658957E0	12.208329076958366E0	4732.310684658957E0	47.32310691417293E0	0.009999999999990905E0
hsa-miR-1180-3p	1.8091361194280096E-6	4.385345953493495E-5	68442.63576312654E0	16.062607699417256E0	68442.63576312654E0	684.4263589174968E0	0.009999999999990905E0
hsa-miR-589-3p	2.0515144083605852E-6	4.462355960291156E-5	22276.13193317193E0	14.443211121863776E0	22276.13193317193E0	222.7613197081252E0	0.009999999999990905E0
hsa-miR-16-2-3p	2.0991724752763224E-6	4.462355960291156E-5	12696.101321211325E0	13.632097926306026E0	12696.101321211325E0	126.96101341458845E0	0.009999999999990905E0
hsa-miR-431-5p	2.1063836537791845E-6	4.462355960291156E-5	19161.06122681781E0	14.225889845856784E0	19161.06122681781E0	191.61061258707358E0	0.009999999999990905E0
hsa-miR-30c-1-3p	2.1354508720865268E-6	4.462355960291156E-5	20542.482710551176E0	14.32632293207938E0	20542.482710551176E0	205.424827449813E0	0.009999999999990905E0
hsa-miR-32-3p	2.3150298327417583E-6	4.6135580275943166E-5	12696.101321211301E0	13.632097926306024E0	12696.101321211301E0	126.96101341458844E0	0.009999999999990905E0
hsa-miR-193b-5p	2.3707814053937645E-6	4.6135580275943166E-5	36352.654734112635E0	15.149773103581241E0	36352.654734112635E0	363.5265479854531E0	0.009999999999990905E0
hsa-miR-138-1-3p	2.4362022587956786E-6	4.6135580275943166E-5	12696.10132117524E0	13.632097926301926E0	12696.10132117524E0	126.96101341458844E0	0.010000000000019327E0
hsa-miR-1268b	2.6546614972556953E-6	4.8092457752575766E-5	6348.550661347894E0	12.632211554917863E0	6348.550661347894E0	63.48550670729422E0	0.009999999999990905E0
hsa-miR-299-3p	2.7498830606493144E-6	4.8092457752575766E-5	15811.172027762746E0	13.948656693227393E0	15811.172027762746E0	158.11172053564007E0	0.009999999999990905E0
hsa-miR-26a-1-3p	2.8546318333960285E-6	4.8092457752575766E-5	25273.793393153923E0	14.625354597008469E0	25273.793393153923E0	252.73793436398591E0	0.009999999999990905E0
hsa-miR-19b-1-5p	2.8569776882718276E-6	4.8092457752575766E-5	11079.861344700019E0	13.43565220691441E0	11079.861344700019E0	110.79861362146715E0	0.010000000000019327E0
hsa-let-7a-3p	3.142102715113279E-6	5.146254717185532E-5	17544.821250456658E0	14.098757628948498E0	17544.821250456658E0	175.44821279395228E0	0.009999999999990905E0
hsa-miR-7-1-3p	3.4715549112601204E-6	5.336101720938915E-5	99006.29659022343E0	16.595232660000487E0	99006.29659022343E0	990.0629678020588E0	0.009999999999763531E0
hsa-miR-2355-3p	3.5602829021300764E-6	5.336101720938915E-5	6348.550661347894E0	12.632211554917863E0	6348.550661347894E0	63.48550670729422E0	0.009999999999990905E0
hsa-miR-450b-5p	3.7669288472277596E-6	5.336101720938915E-5	18926.24273420986E0	14.208100413056002E0	18926.24273420986E0	189.26242765669173E0	0.009999999999990905E0
hsa-miR-10b-3p	3.858194511888641E-6	5.336101720938915E-5	3.12043520403927E-5	-14.967893220053385E0	-32046.811890390887E0	0.009999999999999787E0	320.46811946537923E0
hsa-let-7a-2-3p	3.922947655258977E-6	5.336101720938915E-5	31503.93480553192E0	14.943244410381203E0	31503.93480553192E0	315.0393486060892E0	0.009999999999990905E0
hsa-miR-100-5p	3.925025162528803E-6	5.336101720938915E-5	12.213412710051548E0	3.610394473913203E0	12.213412710051548E0	36585.93350214439E0	2995.5536880017826E0
hsa-miR-27b-5p	3.9310102460562365E-6	5.336101720938915E-5	18926.242734156032E0	14.208100413051898E0	18926.242734156032E0	189.26242765669173E0	0.010000000000019327E0
hsa-miR-424-3p	3.9624517729744425E-6	5.336101720938915E-5	172973.6182649024E0	17.400192490907237E0	172973.6182649024E0	1729.7361861705135E0	0.009999999999990905E0
hsa-miR-335-3p	4.466338905879112E-6	5.883916036875525E-5	14194.932051306187E0	13.793088322695711E0	14194.932051306187E0	141.9493207425188E0	0.010000000000019327E0
hsa-miR-493-3p	4.722082009278255E-6	5.9338595046026294E-5	11197.270591046126E0	13.450859488203387E0	11197.270591046126E0	111.97270608665809E0	0.009999999999990905E0
hsa-miR-151a-5p	4.767111032231489E-6	5.9338595046026294E-5	22041.31344056998E0	14.42792257613263E0	22041.31344056998E0	220.41313477774338E0	0.009999999999990905E0
hsa-miR-627-5p	4.8469453494804974E-6	5.9338595046026294E-5	9463.621368184866E0	13.208176638436008E0	9463.621368184866E0	94.63621382834587E0	0.010000000000019327E0
hsa-miR-374b-3p	4.8959236836655354E-6	5.9338595046026294E-5	22393.54117947275E0	14.450795064868242E0	22393.54117947275E0	223.93541217331614E0	0.009999999999990905E0
hsa-miR-767-3p	5.465099258177904E-6	6.4202256937414E-5	7964.7906379665765E0	12.95942072431134E0	7964.7906379665765E0	79.6479065004155E0	0.009999999999990905E0
hsa-miR-3200-3p	5.50910455568569E-6	6.4202256937414E-5	9581.030614502248E0	13.225965137122396E0	9581.030614502248E0	95.81030629353678E0	0.010000000000019327E0
hsa-miR-548k	6.0321433515589855E-6	6.897129945367444E-5	4732.310684658957E0	12.208329076958366E0	4732.310684658957E0	47.32310691417293E0	0.009999999999990905E0
hsa-miR-561-5p	6.171330992462532E-6	6.925604780430174E-5	9463.621368211763E0	13.208176638440108E0	9463.621368211763E0	94.63621382834587E0	0.009999999999990905E0
hsa-miR-1306-5p	6.387616719537742E-6	7.037992240072493E-5	4732.310684652232E0	12.208329076956316E0	4732.310684652232E0	47.32310691417293E0	0.010000000000005116E0
hsa-miR-365a-3p	7.766489149502207E-6	8.404450758211318E-5	28271.454853075706E0	14.78705850592022E0	28271.454853075706E0	282.7145490198467E0	0.009999999999990905E0
hsa-miR-1260a	8.298808639179569E-6	8.822943921654069E-5	61390.62962766253E0	15.905730845871997E0	61390.62962766253E0	613.9062974190572E0	0.009999999999990905E0
hsa-miR-3157-5p	9.089223638936162E-6	9.496671595164335E-5	4732.310684658957E0	12.208329076958366E0	4732.310684658957E0	47.32310691417293E0	0.009999999999990905E0
hsa-miR-493-5p	9.525728559129455E-6	9.760565186895942E-5	23540.144170571533E0	14.522835535674815E0	23540.144170571533E0	235.40144210567377E0	0.009999999999990905E0
hsa-miR-874-3p	9.663925927619744E-6	9.760565186895942E-5	11079.86134473151E0	13.43565220691851E0	11079.86134473151E0	110.79861362146715E0	0.009999999999990905E0
hsa-miR-328-3p	1.0375434657512593E-5	1.0156959009261053E-4	33002.76553544554E0	15.010299302720547E0	33002.76553544554E0	330.0276559340196E0	0.009999999999990905E0
hsa-miR-136-5p	1.0391608227296788E-5	1.0156959009261053E-4	15693.762781454983E0	13.937903678019332E0	15693.762781454983E0	156.93762807044916E0	0.009999999999990905E0
hsa-miR-9903	1.0864132523139157E-5	1.0450260807971951E-4	4732.310684658957E0	12.208329076958366E0	4732.310684658957E0	47.32310691417293E0	0.009999999999990905E0
hsa-miR-30c-2-3p	1.2083844697059624E-5	1.1441890447528331E-4	2.1106160407592385E-5	-15.531976324209817E0	-47379.53188493139E0	0.009999999999999787E0	473.79531971070276E0
hsa-miR-137-3p	1.3114581712630043E-5	1.221605193619804E-4	2.3154111859443297E-5	-15.398372054927085E0	-43188.87315006879E0	0.009999999999990905E0	431.88873227874956E0
hsa-miR-625-5p	1.3443437244917627E-5	1.221605193619804E-4	9463.621368184866E0	13.208176638436008E0	9463.621368184866E0	94.63621382834587E0	0.010000000000019327E0
hsa-miR-33b-3p	1.350619603507044E-5	1.221605193619804E-4	7964.7906379665765E0	12.95942072431134E0	7964.7906379665765E0	79.6479065004155E0	0.009999999999990905E0
hsa-miR-1268a	1.894028623844692E-5	1.6750482197479198E-4	12578.692074863442E0	13.61869429896806E0	12578.692074863442E0	125.78692094939751E0	0.010000000000019327E0
hsa-miR-766-5p	1.9072331214951563E-5	1.6750482197479198E-4	7847.381391645171E0	12.937995603183913E0	7847.381391645171E0	78.47381403522459E0	0.009999999999990905E0
hsa-miR-139-3p	2.0003694529773362E-5	1.731748412148951E-4	12578.692074863442E0	13.61869429896806E0	12578.692074863442E0	125.78692094939751E0	0.010000000000019327E0
hsa-miR-148a-5p	2.3195380425405987E-5	1.9797747236332435E-4	18808.83348785223E0	14.19912275613642E0	18808.83348785223E0	188.0883351915008E0	0.010000000000019327E0
hsa-miR-671-3p	2.4403748117215275E-5	2.0539821331989522E-4	40731.73767742864E0	15.313865742752386E0	40731.73767742864E0	407.31737750405324E0	0.009999999999990905E0
hsa-miR-331-5p	2.6244978198066705E-5	2.1582497985464966E-4	7847.381391645171E0	12.937995603183913E0	7847.381391645171E0	78.47381403522459E0	0.009999999999990905E0
hsa-miR-485-5p	2.659108014220054E-5	2.1582497985464966E-4	10962.452098416677E0	13.420282918226054E0	10962.452098416677E0	109.62452115627622E0	0.009999999999990905E0
hsa-miR-628-3p	2.671101235824872E-5	2.1582497985464966E-4	7964.7906379665765E0	12.95942072431134E0	7964.7906379665765E0	79.6479065004155E0	0.009999999999990905E0
hsa-miR-30a-3p	3.1864481656958694E-5	2.5407731426469696E-4	0.029928287106403127E0	-5.062346478723989E0	-33.41320525443807E0	79.6479065004155E0	2661.2918495616723E0
hsa-let-7e-3p	3.469362172528244E-5	2.730433086431319E-4	21923.90419426883E0	14.420217114898943E0	21923.90419426883E0	219.23904231255244E0	0.009999999999990905E0
hsa-miR-484	3.539125815033862E-5	2.749628517834E-4	46961.87908934804E0	15.51920251582208E0	46961.87908934804E0	469.61879174615655E0	0.009999999999990905E0
hsa-miR-766-3p	3.587125926360916E-5	2.751643432119892E-4	4732.310684652232E0	12.208329076956316E0	4732.310684652232E0	47.32310691417293E0	0.010000000000005116E0
hsa-miR-105-3p	4.376136404689699E-5	3.314923326552447E-4	7964.7906379665765E0	12.95942072431134E0	7964.7906379665765E0	79.6479065004155E0	0.009999999999990905E0
hsa-miR-3928-3p	4.970961248244369E-5	3.719015452390232E-4	7847.381391645171E0	12.937995603183913E0	7847.381391645171E0	78.47381403522459E0	0.009999999999990905E0
hsa-miR-99b-5p	7.72348281267916E-5	5.707842176199477E-4	3.6333459156954064E0	1.8612987252638025E0	3.6333459156954064E0	13364.81428776796E0	3678.3765143644923E0
hsa-miR-23b-5p	1.0225192659193581E-4	7.465622592134108E-4	14194.932051306187E0	13.793088322695711E0	14194.932051306187E0	141.9493207425188E0	0.010000000000019327E0
hsa-let-7c-5p	1.2153600854696248E-4	8.767954902316579E-4	0.12980236115895122E0	-2.9456114680886216E0	-7.704020104653078E0	1077.9195215588106E0	8304.313668150395E0
hsa-miR-10b-5p	1.2671743427237437E-4	9.034207666948101E-4	0.040827041316336764E0	-4.614331168694893E0	-24.493570137786456E0	79.6479065004155E0	1950.8615852494963E0
hsa-miR-874-5p	1.7278517929378775E-4	0.001217532775023667E0	14077.522804996626E0	13.781105867546755E0	14077.522804996626E0	140.77522827732787E0	0.010000000000019327E0
hsa-miR-92a-3p	1.9063112576647522E-4	0.0013278443932699308E0	4.4775167210370155E0	2.162698819885639E0	4.4775167210370155E0	14099.166833249565E0	3148.8808882471094E0
hsa-let-7a-5p	2.331105195050648E-4	0.0016052838047735144E0	4.191989488961369E0	2.0676350994511457E0	4.191989488961369E0	37320.560942345546E0	8902.827889141437E0
hsa-miR-30a-5p	3.0484188633447335E-4	0.002075664978861695E0	0.08245591975354567E0	-3.600233117064001E0	-12.127692020038369E0	253.91202682917685E0	3079.3668628656897E0
hsa-miR-339-5p	3.144600259195006E-4	0.002115594029167329E0	9.99261008219254E0	3.320861560981572E0	9.99261008219254E0	3202.3129628358292E0	320.46811946537855E0
hsa-miR-30e-3p	3.1768821230070447E-4	0.002115594029167329E0	3.530380351463756E0	1.8198236230461033E0	3.530380351463756E0	3000.6953075011406E0	849.9637455827669E0
hsa-miR-221-3p	4.1754053644769116E-4	0.002724157190621308E0	7.364507428625875E0	2.880589034555995E0	7.364507428625875E0	96753.44073040537E0	13137.802037065034E0
hsa-miR-199b-3p	4.180637272735671E-4	0.002724157190621308E0	0.035098113101715504E0	-4.832462717420688E0	-28.491560133217607E0	128.13510587977936E0	3650.769076415031E0
hsa-miR-20b-5p	4.924284105682472E-4	0.003174591668131466E0	0.17100494389526474E0	-2.5478900596587835E0	-5.847784147179214E0	1148.4395830572505E0	6715.82678979823E0
hsa-miR-99a-5p	7.312970066732846E-4	0.004664905116252742E0	0.07674487294494255E0	-3.703785817454469E0	-13.030186403688607E0	174.27412032876134E0	2270.824274207119E0
hsa-let-7e-5p	9.339492384016162E-4	0.005895554567410202E0	3.9382030715662104E0	1.9775375050403678E0	3.9382030715662104E0	12509.656085917275E0	3176.4883261965733E0
hsa-miR-186-5p	9.611909183964153E-4	0.006004965943796162E0	3.7004382084707625E0	1.8876961258100509E0	3.7004382084707625E0	7425.195297568681E0	2006.5718916561818E0
hsa-miR-181a-5p	0.001066802906083814E0	0.006596760827416238E0	1.3540170607818611E-5	-16.172394557274036E0	-73854.31313713004E0	0.010000000000000009E0	738.5431327693967E0
hsa-miR-146a-5p	0.0011289047265794546E0	0.006910265296031812E0	0.054396430668832686E0	-4.200344200529195E0	-18.3835591362241E0	538.9647607794054E0	9908.090557000562E0
hsa-miR-377-3p	0.0013875754974294824E0	0.008408707514422664E0	14194.932051306187E0	13.793088322695711E0	14194.932051306187E0	141.9493207425188E0	0.010000000000019327E0
hsa-miR-106b-3p	0.0014280540290990229E0	0.008515463414651057E0	7.508303089132595E0	2.908486888895857E0	7.508303089132595E0	6485.427924637264E0	863.7674645574989E0
hsa-miR-4443	0.0014332958222679998E0	0.008515463414651057E0	0.05435686017606393E0	-4.201394065885155E0	-18.396941927126807E0	191.61061258707358E0	3525.049314119172E0
hsa-miR-222-3p	0.001522819029711904E0	0.008893497417564315E0	5.5004392568064375E0	2.459546834694014E0	5.5004392568064375E0	2069.1465818260604E0	376.1784258720643E0
hsa-miR-369-5p	0.0015262767845324898E0	0.008893497417564315E0	23657.553416871266E0	14.530013262362653E0	23657.553416871266E0	236.57553457086465E0	0.009999999999990905E0
hsa-miR-25-3p	0.0015697763521878413E0	0.009059852089769827E0	3.776878605152466E0	1.91719441402456E0	3.776878605152466E0	36946.82697047992E0	9782.370794704693E0
hsa-miR-25-5p	0.0018681459377691962E0	0.010680155078189932E0	8.002447897724924E0	3.000441378713865E0	8.002447897724924E0	9812.058821237748E0	1226.1321714548321E0
hsa-miR-185-3p	0.00195835822350231E0	0.011091262462078501E0	10962.452098416677E0	13.420282918226054E0	10962.452098416677E0	109.62452115627622E0	0.009999999999990905E0
hsa-miR-199a-3p	0.0020797906824565563E0	0.011669936607117345E0	0.0828288315770963E0	-3.5937231523266475E0	-12.073090745813664E0	303.57331867373165E0	3665.0682258975194E0
hsa-miR-320a-3p	0.002107880086675502E0	0.01171903974793903E0	4.283419077297746E0	2.098762833232236E0	4.283419077297746E0	7340.58612648795E0	1713.7212101402665E0
hsa-miR-151a-3p	0.0022064028160211934E0	0.012155273695534938E0	6.857336700914246E0	2.777648361464901E0	6.857336700914246E0	3725.6551132612167E0	543.3093450921197E0
hsa-miR-21-3p	0.0023471741543997222E0	0.01281430214023632E0	12.07864876245412E0	3.5943871643894783E0	12.07864876245412E0	6562.442751487747E0	543.3093450921187E0
hsa-miR-125a-5p	0.003205514763381325E0	0.017344124523295385E0	2.1659268138708625E0	1.1149844954626766E0	2.1659268138708625E0	14334.558275355237E0	6618.209895959597E0
hsa-miR-4497	0.0037977370826304513E0	0.020366625416584544E0	0.08342626891390596E0	-3.5833544648025244E0	-11.986632184545824E0	9536.123932289496E0	114306.0100905442E0
hsa-miR-6720-5p	0.003954110047715403E0	0.020861190323140377E0	7847.381391645171E0	12.937995603183913E0	7847.381391645171E0	78.47381403522459E0	0.009999999999990905E0
hsa-miR-708-3p	0.003958806744490335E0	0.020861190323140377E0	12578.692074863442E0	13.61869429896806E0	12578.692074863442E0	125.78692094939751E0	0.010000000000019327E0
hsa-miR-26a-5p	0.004513929054445907E0	0.02358138799132948E0	1.5332949621051868E0	0.6166352569659529E0	1.5332949621051868E0	5469.19551429447E0	3566.955901551125E0
hsa-miR-9-5p	0.005035890684501194E0	0.02608333123767285E0	6.072085586191945E0	2.6021921257178873E0	6.072085586191945E0	2622.4653469073082E0	431.88873227875047E0
hsa-miR-181a-2-3p	0.005184781426745202E0	0.02662692834413214E0	0.18864161836304416E0	-2.4062800944727245E0	-5.301057151001971E0	189.26242765669173E0	1003.2909458280908E0
hsa-miR-191-5p	0.00532758705065329E0	0.02713040128315877E0	2.2030687149781185E0	1.139514494227228E0	2.2030687149781185E0	50284.002828522396E0	22824.52765996212E0
hsa-miR-20a-5p	0.005485242073588118E0	0.027700472471619993E0	3.5848383856375414E0	1.8419080797375207E0	3.5848383856375414E0	10439.895201065126E0	2912.235943645639E0
hsa-miR-21-5p	0.008529630468023734E0	0.042718645153903986E0	1.8832727929770907E0	0.913241990164778E0	1.8832727929770907E0	55442.156547458464E0	29439.25954236742E0
hsa-miR-27a-5p	0.009749557943770724E0	0.04842813208135294E0	3.0032458633725043E0	1.5865225872322912E0	3.0032458633725043E0	1924.85907615316E0	640.926238930758E0
hsa-miR-29c-3p	0.009883602476950703E0	0.0484993708068944E0	0.5364742323607714E0	-0.8984192169868274E0	-1.8640224258292317E0	1113.7665985406265E0	2076.0859170375993E0
hsa-miR-134-5p	0.00992396366345694E0	0.0484993708068944E0	4.695105244298778E0	2.231157497330842E0	4.695105244298778E0	1243.0657968855962E0	264.75781305869396E0
hsa-miR-532-5p	0.01046836136265858E0	0.0507506158861688E0	4.945925944433376E0	2.306240638353291E0	4.945925944433376E0	4135.585570415204E0	836.160026608035E0
hsa-miR-7704	0.010888772579197037E0	0.05236981097613814E0	0.04539568636437515E0	-4.461300974998432E0	-22.02852473632303E0	8008.290296173223E0	176410.82097703166E0
hsa-miR-361-5p	0.011014761064901608E0	0.05255862366401869E0	4.89431180752819E0	2.2911060157705903E0	4.89431180752819E0	2318.902028233577E0	473.79531971070264E0
hsa-miR-101-3p	0.012672178274156476E0	0.05999484401670957E0	0.46149534154464705E0	-1.1156120098859903E0	-2.1668691099956763E0	270.0744266222981E0	585.2159325240732E0
hsa-miR-142-3p	0.01578406338834621E0	0.07382560852846677E0	0.1747489946137594E0	-2.5166439395436804E0	-5.722493581209204E0	1037.3760747162319E0	5936.377930612395E0
hsa-miR-1292-5p	0.015837176747030828E0	0.07382560852846677E0	0.0923260721114549E0	-3.4371180793419542E0	-10.831176688561085E0	78.47381403522459E0	849.9637455827672E0
hsa-miR-125b-1-3p	0.016675870030583274E0	0.07714181098117148E0	7.754858151289649E0	2.955100392311965E0	7.754858151289649E0	3781.2613810187104E0	487.5990386854355E0
hsa-miR-423-3p	0.017915658156855373E0	0.08224915790192694E0	5.725554689154456E0	2.5174154676248337E0	5.725554689154456E0	6540.409889368671E0	1142.318996590925E0
hsa-miR-363-3p	0.018290896369971138E0	0.08292946720137753E0	0.1844515536460756E0	-2.4386861538999076E0	-5.421477782284194E0	701.7628511758091E0	3804.5917071681106E0
hsa-miR-6126	0.018337538952119783E0	0.08292946720137753E0	0.12702483488966895E0	-2.976817506004723E0	-7.872476282835389E0	6557.19659218788E0	51621.37467187552E0
hsa-miR-501-3p	0.019092457630883665E0	0.08570392092085556E0	0.2005478417685983E0	-2.3179816544716365E0	-4.986341369626146E0	159.285813000831E0	794.253439176082E0
hsa-miR-16-5p	0.019690884053470067E0	0.0877402627676681E0	2.166262638154103E0	1.1152081662113256E0	2.166262638154103E0	51403.68124334757E0	23729.200850936068E0
hsa-miR-34a-5p	0.021040958345443766E0	0.09307168436013812E0	0.14936797138625782E0	-2.7430572672149784E0	-6.694875686662785E0	285.06273395022856E0	1908.4595673097867E0
hsa-miR-17-5p	0.023821946880791665E0	0.10427264996487988E0	2.7600850861767863E0	1.4647127421893849E0	2.7600850861767863E0	1307.7153960580813E0	473.79531971070264E0
hsa-miR-4454	0.023917324001845385E0	0.10427264996487988E0	0.08018512154568833E0	-3.6405216222162813E0	-12.471141537525941E0	140.77522827732787E0	1755.6277975722196E0
hsa-miR-125b-5p	0.02482047275972093E0	0.10743718923136346E0	1.8141153127296434E0	0.8592661624903568E0	1.8141153127296434E0	34402.4115157143E0	18963.740215879574E0
hsa-let-7b-5p	0.0256123384654238E0	0.11007856106416185E0	2.897261372519476E0	1.53468984126287E0	2.897261372519476E0	9970.160541773388E0	3441.236139255265E0
hsa-miR-203a-3p	0.02611375364744637E0	0.111443202185581E0	21.8870869972579E0	4.452008050581969E0	21.8870869972579E0	15247.34468121565E0	696.6365453374456E0
hsa-miR-196a-5p	0.030086493090463944E0	0.1274994042854626E0	4.995233489269312E0	2.320552114641945E0	4.995233489269312E0	2576.0514377387753E0	515.7019071426548E0
hsa-miR-340-5p	0.031399706914498414E0	0.13214043326518082E0	2.6555072068142973E0	1.4089874447842077E0	2.6555072068142973E0	555.1271605725265E0	209.04750665200936E0
hsa-miR-22-3p	0.033580510064150394E0	0.14010351459098508E0	2.0257245586962593E0	1.0184380217116993E0	2.0257245586962593E0	1721.7924336337287E0	849.9637455827667E0
hsa-miR-574-3p	0.03375431209617792E0	0.14010351459098508E0	3.563575330842162E0	1.8333254219910842E0	3.563575330842162E0	2781.191370469037E0	780.4497202013499E0
hsa-miR-423-5p	0.03858619836419992E0	0.15906963407282418E0	2.5761507944890347E0	1.3652170437996816E0	2.5761507944890347E0	9655.1311931673E0	3747.890539745912E0
hsa-miR-6834-5p	0.04027967107214986E0	0.16426002511531906E0	0.017073033312031964E0	-5.872136789554646E0	-58.57190000884406E0	31.160707121051647E0	1825.141822953637E0
hsa-miR-30c-5p	0.04038736591119231E0	0.16426002511531906E0	0.5690212357256444E0	-0.8134456003442689E0	-1.757403655989657E0	364.70064045064396E0	640.9262389307582E0
hsa-miR-93-3p	0.04154518567352725E0	0.16784255012105012E0	2.727246610914982E0	1.4474451616604784E0	2.727246610914982E0	1140.220935800914E0	418.0850133040176E0
hsa-miR-4508	0.04225192921239346E0	0.1695673450510625E0	0.30862624293548113E0	-1.6960673533184338E0	-3.2401651605792052E0	971.8272777981072E0	3148.880888247108E0
hsa-miR-381-3p	0.046593045079788065E0	0.18575911393652347E0	58.54089813848978E0	5.871372974730464E0	58.54089813848978E0	3261.9167838410144E0	55.72030640668527E0
hsa-miR-15b-5p	0.04712968230397818E0	0.1866705063804626E0	2.052789659928426E0	1.0375858085840985E0	2.052789659928426E0	2202.2429522861557E0	1072.8049712095053E0
hsa-miR-7-5p	0.05120990408052741E0	0.20151429787532216E0	2.904540580520758E0	1.538309986479964E0	2.904540580520758E0	6476.859869074393E0	2229.9085477906774E0
hsa-miR-142-5p	0.052081359269407296E0	0.20328463614082573E0	0.2070218506802669E0	-2.2721450459822465E0	-4.830407982123787E0	328.85356346882867E0	1588.4968783521642E0
hsa-miR-10401-3p	0.052330698412489794E0	0.20328463614082573E0	0.02727846357540989E0	-5.196093801078293E0	-36.6589561481552E0	31.160707121051647E0	1142.3189965909255E0
hsa-miR-132-5p	0.05326183921357444E0	0.20558391441672683E0	4.432425316625397E0	2.1480963228911634E0	4.432425316625397E0	926.5874610947646E0	209.0475066520089E0
hsa-miR-12136	0.053650003667886574E0	0.20577153305531182E0	0.02830250985081648E0	-5.142926193651501E0	-35.332555496704536E0	16.17239979312128E0	571.412213549341E0
hsa-miR-93-5p	0.05406211883544181E0	0.20604807556149518E0	2.246095264257253E0	1.1674191184584113E0	2.246095264257253E0	58469.42205976547E0	26031.586007154707E0
hsa-miR-200c-3p	0.057940245514949806E0	0.21869820665592177E0	0.10474214373469097E0	-3.255086057359448E0	-9.547255425027132E0	270.0744266222981E0	2578.4695357132796E0
hsa-miR-7977	0.05810298889703532E0	0.21869820665592177E0	0.41341604161936907E0	-1.2743337247120565E0	-2.4188708209844867E0	697.0664813150454E0	1686.1137721908021E0
hsa-miR-210-3p	0.05919067993856005E0	0.2210303790963923E0	29.988296118986586E0	4.906327648086957E0	29.988296118986586E0	1670.957049323983E0	55.72030640668527E0
hsa-miR-1260b	0.059452065664541164E0	0.2210303790963923E0	37.73077919788249E0	5.237669989186278E0	37.73077919788249E0	2102.3705791579428E0	55.72030640668527E0
hsa-miR-92a-1-5p	0.061453151905207525E0	0.2270768905765595E0	35.47348865224754E0	5.148669314469732E0	35.47348865224754E0	1976.5936582085449E0	55.72030640668527E0
hsa-miR-1296-5p	0.06289917487468161E0	0.23101151499428518E0	2.4408386269781395E0	1.28737691627669E0	2.4408386269781395E0	646.2310970052997E0	264.75781305869396E0
hsa-miR-425-5p	0.06351318897851409E0	0.231301148595035E0	0.5858574295087493E0	-0.7713784725023873E0	-1.706899920751224E0	1551.05059070054E0	2647.4881305869403E0
hsa-miR-296-3p	0.0637414056359255E0	0.231301148595035E0	26.28069052443198E0	4.715931277818751E0	26.28069052443198E0	1464.3681294089793E0	55.72030640668527E0
hsa-miR-744-5p	0.06548066270032783E0	0.2358459510033881E0	1.7081212764258598E0	0.7724104097867249E0	1.7081212764258598E0	3165.5666881083744E0	1853.2446914108582E0
hsa-let-7g-5p	0.06577222065936071E0	0.2358459510033881E0	1.8555052721965126E0	0.8918121002868306E0	1.8555052721965126E0	3515.5439159506404E0	1894.6558483350555E0
hsa-miR-625-3p	0.0661710636124301E0	0.23588037970078024E0	26.319502782820834E0	4.718060329418938E0	26.319502782820834E0	2932.798325652634E0	111.43061281337077E0
hsa-miR-1228-5p	0.0683818836982912E0	0.24233579836938282E0	0.047593220320572886E0	-4.393100114277436E0	-21.01139601952371E0	31.160707121051647E0	654.7299579054907E0
hsa-miR-199a-5p	0.07125969951856166E0	0.25106615062935095E0	0.02036176238724609E0	-5.617993752265751E0	-49.1116623886332E0	16.172399793121283E0	794.2534391760821E0
hsa-miR-378c	0.07479468256213674E0	0.2612812988766002E0	0.06576828820174915E0	-3.926464069068848E0	-15.204896270561658E0	31.160707121051647E0	473.79531971070276E0
hsa-miR-100-3p	0.0752418956035495E0	0.2612812988766002E0	21.374331986901108E0	4.4178074269680145E0	21.374331986901108E0	4763.296082696999E0	222.85122562674223E0
hsa-miR-335-5p	0.07550257563269672E0	0.2612812988766002E0	15.389656692238004E0	3.9438891437120263E0	15.389656692238004E0	857.5163867810672E0	55.72030640668527E0
hsa-let-7i-5p	0.07588367756152084E0	0.2612812988766002E0	1.843704323662268E0	0.8826073081592928E0	1.843704323662268E0	28821.612703639716E0	15632.448397914399E0
hsa-miR-429	0.07966491243659443E0	0.27275105613884876E0	0.07736231854241744E0	-3.6922251568585835E0	-12.926189633932754E0	16.172399793121283E0	209.04750665200876E0
hsa-miR-18a-5p	0.08376006737914095E0	0.28424791248172304E0	12.283248294296431E0	3.618620225495655E0	12.283248294296431E0	684.4263589174968E0	55.72030640668527E0
hsa-miR-222-5p	0.08396101705318222E0	0.28424791248172304E0	15.337772738766581E0	3.9390170932412336E0	15.337772738766581E0	2351.8511308459074E0	153.33720024532386E0
hsa-miR-589-5p	0.08453622930328067E0	0.2846053053210449E0	2.2028530933369996E0	1.1393732859688281E0	2.2028530933369996E0	460.5009467441808E0	209.0475066520088E0
hsa-miR-4449	0.08606564520807446E0	0.28643831193302033E0	0.040093044037409806E0	-4.640504232476715E0	-24.941982431339593E0	158.11172053564007E0	3943.619757930946E0
hsa-miR-181a-3p	0.08660237066332499E0	0.28643831193302033E0	0.09723496735119777E0	-3.3623809649124157E0	-10.284366079829631E0	31.160707121051647E0	320.46811946537923E0
hsa-miR-374a-3p	0.08709164614085801E0	0.28643831193302033E0	11.144067432531008E0	3.4782039876846564E0	11.144067432531008E0	620.9508522102028E0	55.72030640668527E0
hsa-miR-375-3p	0.08731467257713495E0	0.28643831193302033E0	0.02253527755429559E0	-5.47167097075141E0	-44.37486947256985E0	109.62452115627622E0	4864.573820418399E0
hsa-miR-3651	0.0874440391214666E0	0.28643831193302033E0	0.07438004106829811E0	-3.7489406452529814E0	-13.444466897803515E0	80.82199896560641E0	1086.6086901842405E0
hsa-miR-29a-3p	0.09023540345776994E0	0.2939927661043472E0	1.7853939597188757E0	0.8362424501767247E0	1.7853939597188757E0	32112.247496084412E0	17986.084985969937E0
hsa-miR-197-3p	0.09239168240373495E0	0.2987644695225161E0	12.537928641115103E0	3.64822711878286E0	12.537928641115103E0	2095.6009190863488E0	167.14091922005582E0
hsa-miR-130a-5p	0.09268600704658915E0	0.2987644695225161E0	9.92060186089759E0	3.310427648373517E0	9.92060186089759E0	552.7789756421448E0	55.72030640668504E0
hsa-miR-1307-5p	0.09478826867540482E0	0.30306517970190455E0	0.48224852723523676E0	-1.0521512625303806E0	-2.0736196038442403E0	678.5558965915424E0	1407.0668096496197E0
hsa-miR-455-5p	0.09502043588013509E0	0.30306517970190455E0	10.695263212011252E0	3.418900082765788E0	10.695263212011252E0	1787.6161252714048E0	167.14091922005582E0
hsa-miR-152-3p	0.09927320329243043E0	0.3149715245822662E0	0.10547769816541208E0	-3.2449901020912124E0	-9.480677123156228E0	96.98439875872768E0	919.4777709641846E0
hsa-miR-138-5p	0.09986567912785496E0	0.31520104974729224E0	7.974445502007385E0	2.9953842054836213E0	7.974445502007385E0	444.33854695105947E0	55.72030640668527E0
hsa-miR-935	0.101592117646333E0	0.3189887217289005E0	8.921198757286957E0	3.157237580660589E0	8.921198757286957E0	1491.0973613888186E0	167.14091922005537E0
hsa-miR-132-3p	0.10389649195307354E0	0.32454265012145656E0	8.470286811804439E0	3.082410821383015E0	8.470286811804439E0	471.96697667653837E0	55.72030640668527E0
hsa-miR-141-3p	0.10549725530657379E0	0.32785300879889084E0	0.06268865909748196E0	-3.995651718736175E0	-15.95184861818439E0	424.65386976236545E0	6774.0142487437E0
hsa-miR-365b-3p	0.10801875718198595E0	0.33397636149124227E0	1.8935951634571213E0	0.921127926317539E0	1.8935951634571213E0	395.85134757169567E0	209.0475066520088E0
hsa-miR-32-5p	0.10983861823638304E0	0.33787920127537113E0	6.877406995080439E0	2.7818647247423605E0	6.877406995080439E0	383.2112251741472E0	55.72030640668527E0
hsa-miR-191-3p	0.11094541450066375E0	0.339560208017183E0	6.814715239723928E0	2.7686533737111394E0	6.814715239723928E0	759.3678955571488E0	111.43061281337032E0
hsa-let-7d-3p	0.11517812206299187E0	0.3425296946420814E0	6.524130452855884E0	2.705785629659643E0	6.524130452855884E0	363.5265479854531E0	55.72030640668521E0
hsa-miR-4521	0.1160588786734414E0	0.3425296946420814E0	0.14904005711590282E0	-2.7462279626180006E0	-6.709605587592722E0	62.311414242103304E0	418.0850133040175E0
hsa-miR-1226-3p	0.1172294520739845E0	0.3425296946420814E0	0.14904005711590285E0	-2.746227962618E0	-6.709605587592721E0	62.311414242103304E0	418.0850133040174E0
hsa-miR-1304-3p	0.11786313887086422E0	0.3425296946420814E0	6.212996265555632E0	2.635289187119435E0	6.212996265555632E0	346.1900557271409E0	55.72030640668527E0
hsa-miR-1226-5p	0.11867234819852222E0	0.3425296946420814E0	0.3781807898639743E0	-1.402852013122319E0	-2.644237959203809E0	158.11172053564007E0	418.0850133040175E0
hsa-miR-432-5p	0.11899997446202111E0	0.3425296946420814E0	6.209663064873567E0	2.6345149902133143E0	6.209663064873567E0	1383.831025162924E0	222.85122562674064E0
hsa-miR-9901	0.12509786580594784E0	0.3425296946420814E0	0.06901148041253258E0	-3.8570198082244405E0	-14.490342679540586E0	109.62452115627622E0	1588.496878352164E0
hsa-miR-584-5p	0.12688554777314642E0	0.3425296946420814E0	4.825894748729696E0	2.2707964511646144E0	4.825894748729696E0	268.9003341571072E0	55.72030640668521E0
hsa-miR-576-5p	0.12927973856184227E0	0.3425296946420814E0	4.577974093807775E0	2.1947092988829398E0	4.577974093807775E0	255.0861192943678E0	55.72030640668521E0
hsa-miR-378a-3p	0.1295063039606978E0	0.3425296946420814E0	1.5652652184702935E0	0.646407128054802E0	1.5652652184702935E0	1264.8237642851207E0	808.0571581508138E0
hsa-miR-324-3p	0.1310771067743434E0	0.3425296946420814E0	4.821141283186707E0	2.269374708424518E0	4.821141283186707E0	1074.3972441632382E0	222.85122562674087E0
hsa-miR-205-5p	0.1323079266061843E0	0.3425296946420814E0	31.900241597226646E0	4.995495445203554E0	31.900241597226646E0	8886.180176756056E0	278.5615320334273E0
hsa-miR-1291	0.13535547389299457E0	0.3425296946420814E0	0.08921772152603398E0	-3.4865258852528505E0	-11.208535511727872E0	64.65959917248513E0	724.7394137946645E0
hsa-miR-28-3p	0.14067544315475408E0	0.3425296946420814E0	1.9700176174676378E0	0.9782085314682231E0	1.9700176174676378E0	2909.866265787919E0	1477.0762655387935E0
hsa-miR-374b-5p	0.1410090602774944E0	0.3425296946420814E0	4.309279215924797E0	2.1074465796224584E0	4.309279215924797E0	480.1856239328748E0	111.43061281337032E0
hsa-miR-532-3p	0.14108377522679813E0	0.3425296946420814E0	3.9135453201047166E0	1.9684761518425995E0	3.9135453201047166E0	600.0920825563178E0	153.33720024532352E0
hsa-miR-3180-3p	0.14286403111366378E0	0.3425296946420814E0	3.955705719165114E0	1.983935102211029E0	3.955705719165114E0	220.41313477774338E0	55.72030640668524E0
hsa-miR-301a-5p	0.14396562753508235E0	0.3425296946420814E0	4.019190175248544E0	2.0069048427355076E0	4.019190175248544E0	447.8608243466323E0	111.43061281337032E0
hsa-miR-149-5p	0.14718670448130752E0	0.3425296946420814E0	3.511152344851605E0	1.8119445944509924E0	3.511152344851605E0	1076.7454290936198E0	306.66440049064704E0
hsa-miR-146b-5p	0.15068449660673658E0	0.3425296946420814E0	3.1276590445003944E0	1.6450832487005929E0	3.1276590445003944E0	174.27412032876134E0	55.72030640668527E0
hsa-miR-24-3p	0.15215111537153722E0	0.3425296946420814E0	1.3542812216372593E0	0.43752735112428676E0	1.3542812216372593E0	2113.2123060642125E0	1560.3940098949433E0
hsa-miR-95-3p	0.15234467114786843E0	0.3425296946420814E0	0.26439567798589714E0	-1.919229501246283E0	-3.7822100861018613E0	95.81030629353678E0	362.3747068973323E0
hsa-miR-339-3p	0.15343536313081782E0	0.3425296946420814E0	3.2887764701232363E0	1.717550955146951E0	3.2887764701232363E0	504.29177626278096E0	153.33720024532352E0
hsa-miR-654-3p	0.15367899540165816E0	0.3425296946420814E0	3.4426704119544307E0	1.7835280694355116E0	3.4426704119544307E0	1150.7877679876324E0	334.2718384401114E0
hsa-miR-376a-3p	0.15842193219453748E0	0.3425296946420814E0	3.0523494941916742E0	1.6099201602949227E0	3.0523494941916742E0	1020.3144771774712E0	334.2718384401114E0
hsa-miR-15b-3p	0.15953605636529772E0	0.3425296946420814E0	2.8378066225757776E0	1.5047762827895168E0	2.8378066225757776E0	1305.3672111276996E0	459.99160073597113E0
hsa-miR-769-5p	0.16215273353151802E0	0.3425296946420814E0	2.6781242247486086E0	1.4212228816003067E0	2.6781242247486086E0	1044.4206295073773E0	389.9821448467969E0
hsa-miR-503-3p	0.1640587296415721E0	0.3425296946420814E0	3.9346345416997353E0	1.9762296409773434E0	3.9346345416997353E0	219.23904231255244E0	55.72030640668524E0
hsa-miR-500a-3p	0.16688136228324452E0	0.3425296946420814E0	2.709949210143513E0	1.4382658128482502E0	2.709949210143513E0	415.5360247603897E0	153.33720024532352E0
hsa-miR-33a-5p	0.1681073770804722E0	0.3425296946420814E0	2.4131639172394364E0	1.2709259157843225E0	2.4131639172394364E0	268.9003341571072E0	111.43061281337032E0
hsa-miR-454-5p	0.16873592078367783E0	0.3425296946420814E0	3.459864409301323E0	1.7907155003297517E0	3.459864409301323E0	192.78470505226448E0	55.72030640668524E0
hsa-miR-378a-5p	0.16940825532011233E0	0.3425296946420814E0	2.345970319170047E0	1.230184760741929E0	2.345970319170047E0	522.802360986284E0	222.85122562674087E0
hsa-miR-615-3p	0.17084332522668777E0	0.3425296946420814E0	1.971666549187414E0	0.9794155818827543E0	1.971666549187414E0	1016.7921997818984E0	515.701907142656E0
hsa-miR-409-3p	0.1757853564279329E0	0.3425296946420814E0	4.392129794745618E0	2.134920689012732E0	4.392129794745618E0	1468.1653015241034E0	334.2718384401114E0
hsa-miR-193a-5p	0.17652339981985127E0	0.3425296946420814E0	1.9983579845680206E0	0.9988150497463721E0	1.9983579845680206E0	835.4835246619914E0	418.0850133040175E0
hsa-miR-31-5p	0.17653796657876386E0	0.3425296946420814E0	0.07821640810704657E0	-3.676384904344813E0	-12.785041197895527E0	78.47381403522459E0	1003.2909458280908E0
hsa-miR-320b	0.17769039557652502E0	0.3425296946420814E0	2.3543197226666717E0	1.2353102553737854E0	2.3543197226666717E0	393.5031626413138E0	167.14091922005568E0
hsa-miR-767-5p	0.1784497585590229E0	0.3425296946420814E0	2.0948396207228512E0	1.066839796552478E0	2.0948396207228512E0	963.6086305417709E0	459.99160073597045E0
hsa-miR-543	0.1788629495284521E0	0.3425296946420814E0	3116.070707870474E0	11.605512255140201E0	3116.070707870474E0	31.160707121051647E0	0.010000000000005116E0
hsa-miR-382-3p	0.1788690692029403E0	0.3425296946420814E0	1.7946778579390932E-4	-12.44398747392032E0	-5572.030632552315E0	0.009999999999999787E0	55.72030640668524E0
hsa-miR-410-5p	0.17891937195921567E0	0.3425296946420814E0	9346.21212189379E0	13.190166065683696E0	9346.21212189379E0	93.46212136315494E0	0.009999999999990905E0
hsa-miR-1250-5p	0.17893057530002462E0	0.3425296946420814E0	6.521574673514806E-5	-13.904420120504687E0	-15333.719999575647E0	0.01E0	153.33720024532352E0
hsa-miR-370-5p	0.17893969208588725E0	0.3425296946420814E0	1617.239977293443E0	10.659318056462581E0	1617.239977293443E0	16.172399793121283E0	0.010000000000005116E0
hsa-miR-1185-2-3p	0.179034631578832E0	0.3425296946420814E0	3116.070707870474E0	11.605512255140201E0	3116.070707870474E0	31.160707121051647E0	0.010000000000005116E0
hsa-miR-487a-3p	0.1790374703041878E0	0.3425296946420814E0	1617.239977294592E0	10.659318056463606E0	1617.239977294592E0	16.172399793121283E0	0.00999999999999801E0
hsa-miR-376b-5p	0.17904000290745195E0	0.3425296946420814E0	1617.239977293443E0	10.659318056462581E0	1617.239977293443E0	16.17239979312128E0	0.010000000000005116E0
hsa-miR-337-3p	0.1790789174704789E0	0.3425296946420814E0	1.7946778579374991E-4	-12.4439874739216E0	-5572.030632557265E0	0.009999999999990905E0	55.72030640668523E0
hsa-miR-214-5p	0.17912162877082025E0	0.3425296946420814E0	1.7946778579391314E-4	-12.443987473920288E0	-5572.030632552197E0	0.01E0	55.72030640668524E0
hsa-miR-10a-3p	0.17913463872171986E0	0.3425296946420814E0	2.4013932509699103E0	1.263871677940599E0	2.4013932509699103E0	368.2229178462168E0	153.33720024532346E0
hsa-miR-873-5p	0.17924970207482818E0	0.3425296946420814E0	1617.239977294592E0	10.659318056463606E0	1617.239977294592E0	16.172399793121283E0	0.00999999999999801E0
hsa-miR-329-5p	0.1792778149567022E0	0.3425296946420814E0	3116.070707870474E0	11.605512255140201E0	3116.070707870474E0	31.160707121051647E0	0.010000000000005116E0
hsa-miR-431-3p	0.17929700916817792E0	0.3425296946420814E0	6465.95990767348E0	12.65864884669151E0	6465.95990767348E0	64.65959917248513E0	0.009999999999990905E0
hsa-miR-181b-3p	0.17935921329705826E0	0.3425296946420814E0	1.7946778579391314E-4	-12.443987473920288E0	-5572.030632552197E0	0.01E0	55.72030640668524E0
hsa-miR-758-3p	0.17936849168373326E0	0.3425296946420814E0	1617.2399772957413E0	10.659318056464631E0	1617.2399772957413E0	16.172399793121286E0	0.009999999999990905E0
hsa-miR-99a-3p	0.1794317484088508E0	0.3425296946420814E0	1.7946778579391344E-4	-12.443987473920286E0	-5572.030632552188E0	0.01E0	55.720306406685154E0
hsa-miR-34a-3p	0.17944847441778827E0	0.3425296946420814E0	3116.070707870474E0	11.605512255140201E0	3116.070707870474E0	31.160707121051647E0	0.010000000000005116E0
hsa-miR-6720-3p	0.17955376986056504E0	0.3425296946420814E0	6465.95990767348E0	12.65864884669151E0	6465.95990767348E0	64.65959917248513E0	0.009999999999990905E0
hsa-miR-1296-3p	0.1799284511637043E0	0.3425296946420814E0	6.521574673514806E-5	-13.904420120504687E0	-15333.719999575647E0	0.010000000000000009E0	153.33720024532352E0
hsa-miR-3173-5p	0.17996498727399882E0	0.3425296946420814E0	1617.239977294592E0	10.659318056463606E0	1617.239977294592E0	16.172399793121283E0	0.00999999999999801E0
hsa-miR-4662a-5p	0.18003457588011545E0	0.3425296946420814E0	3116.070707870474E0	11.605512255140201E0	3116.070707870474E0	31.160707121051647E0	0.010000000000005116E0
hsa-miR-500a-5p	0.1801581046679954E0	0.3425296946420814E0	3116.070707870474E0	11.605512255140201E0	3116.070707870474E0	31.160707121051647E0	0.010000000000005116E0
hsa-miR-195-3p	0.18019667859495148E0	0.3425296946420814E0	11314.679837328384E0	13.465908141915321E0	11314.679837328384E0	113.14679855184897E0	0.010000000000019327E0
hsa-miR-3605-3p	0.18020714902379115E0	0.3425296946420814E0	6231.1414150219525E0	12.605280743731711E0	6231.1414150219525E0	62.311414242103304E0	0.009999999999990905E0
hsa-miR-212-5p	0.1803037600993532E0	0.3425296946420814E0	3116.070707870474E0	11.605512255140201E0	3116.070707870474E0	31.160707121051647E0	0.010000000000005116E0
hsa-miR-659-5p	0.18033400584498252E0	0.3425296946420814E0	3116.070707870474E0	11.605512255140201E0	3116.070707870474E0	31.160707121051647E0	0.010000000000005116E0
hsa-miR-330-3p	0.18037800037861484E0	0.3425296946420814E0	6.521574673514666E-5	-13.904420120504719E0	-15333.719999575975E0	0.009999999999999787E0	153.3372002453235E0
hsa-miR-4787-3p	0.18039716294798724E0	0.3425296946420814E0	4849.719930983418E0	12.243685719415858E0	4849.719930983418E0	48.497199379363856E0	0.010000000000005116E0
hsa-miR-1287-5p	0.1804291669303882E0	0.3425296946420814E0	1.7946778579391344E-4	-12.443987473920286E0	-5572.030632552188E0	0.010000000000000009E0	55.72030640668523E0
hsa-miR-33b-5p	0.18045453798995684E0	0.3425296946420814E0	1617.239977293443E0	10.659318056462581E0	1617.239977293443E0	16.172399793121283E0	0.010000000000005116E0
hsa-miR-629-3p	0.18052600229631857E0	0.3425296946420814E0	3116.070707874902E0	11.605512255142251E0	3116.070707874902E0	31.160707121051647E0	0.009999999999990905E0
hsa-miR-181c-5p	0.18057370342393597E0	0.3425296946420814E0	3116.070707870474E0	11.605512255140201E0	3116.070707870474E0	31.160707121051647E0	0.010000000000005116E0
hsa-miR-3065-5p	0.18060151937678345E0	0.3425296946420814E0	6.521574673514666E-5	-13.904420120504719E0	-15333.719999575975E0	0.009999999999999787E0	153.33720024532352E0
hsa-miR-106a-5p	0.18062265475070122E0	0.3425296946420814E0	8082.19988426473E0	12.98053231651896E0	8082.19988426473E0	80.82199896560641E0	0.010000000000019327E0
hsa-miR-219b-5p	0.1806243290674187E0	0.3425296946420814E0	1617.239977294592E0	10.659318056463606E0	1617.239977294592E0	16.172399793121283E0	0.00999999999999801E0
hsa-miR-181d-5p	0.18063952963093452E0	0.3425296946420814E0	1617.239977293443E0	10.659318056462581E0	1617.239977293443E0	16.172399793121283E0	0.010000000000005116E0
hsa-miR-624-5p	0.18064549107475247E0	0.3425296946420814E0	6.521574673518143E-5	-13.90442012050395E0	-15333.719999567802E0	0.010000000000005116E0	153.33720024532352E0
hsa-miR-141-5p	0.1806569489689761E0	0.3425296946420814E0	3116.070707870474E0	11.605512255140201E0	3116.070707870474E0	31.160707121051647E0	0.010000000000005116E0
hsa-miR-641	0.18070677703326257E0	0.3425296946420814E0	1617.239977293443E0	10.659318056462581E0	1617.239977293443E0	16.172399793121283E0	0.010000000000005116E0
hsa-miR-548e-5p	0.18073664430835198E0	0.3425296946420814E0	9346.212121867227E0	13.190166065679596E0	9346.212121867227E0	93.46212136315494E0	0.010000000000019327E0
hsa-miR-656-3p	0.18079622653646452E0	0.3425296946420814E0	1617.239977293443E0	10.659318056462581E0	1617.239977293443E0	16.172399793121283E0	0.010000000000005116E0
hsa-miR-193a-3p	0.1808564188134651E0	0.3425296946420814E0	3116.070707870474E0	11.605512255140201E0	3116.070707870474E0	31.160707121051647E0	0.010000000000005116E0
hsa-miR-193b-3p	0.18088134520932042E0	0.3425296946420814E0	6231.1414150219525E0	12.605280743731711E0	6231.1414150219525E0	62.311414242103304E0	0.009999999999990905E0
hsa-miR-186-3p	0.1809004132752289E0	0.3425296946420814E0	3233.4799542144083E0	11.658871951165054E0	3233.4799542144083E0	32.334799586242575E0	0.009999999999990905E0
hsa-let-7g-3p	0.18093866973552422E0	0.3425296946420814E0	3116.070707870474E0	11.605512255140201E0	3116.070707870474E0	31.160707121051647E0	0.010000000000005116E0
hsa-miR-30b-3p	0.18096578614864986E0	0.3425296946420814E0	3116.070707874902E0	11.605512255142251E0	3116.070707874902E0	31.16070712105165E0	0.009999999999990905E0
hsa-miR-190a-5p	0.18103394446109272E0	0.3425296946420814E0	6465.959907655103E0	12.65864884668741E0	6465.959907655103E0	64.65959917248513E0	0.010000000000019327E0
hsa-miR-20a-3p	0.1810400121297014E0	0.3425296946420814E0	3233.4799542144083E0	11.658871951165054E0	3233.4799542144083E0	32.334799586242575E0	0.009999999999990905E0
hsa-miR-139-5p	0.18105318946449395E0	0.3425296946420814E0	3116.0707078660457E0	11.60551225513815E0	3116.0707078660457E0	31.16070712105165E0	0.010000000000019327E0
hsa-miR-15a-3p	0.18107965402217924E0	0.3425296946420814E0	3116.070707874902E0	11.605512255142251E0	3116.070707874902E0	31.160707121051647E0	0.009999999999990905E0
hsa-miR-3667-3p	0.18108312343074426E0	0.3425296946420814E0	3116.070707870474E0	11.605512255140201E0	3116.070707870474E0	31.160707121051647E0	0.010000000000005116E0
hsa-miR-218-5p	0.18109244403146035E0	0.3425296946420814E0	1.7946778579390932E-4	-12.44398747392032E0	-5572.030632552315E0	0.009999999999999787E0	55.72030640668527E0
hsa-miR-497-5p	0.1811196506018036E0	0.3425296946420814E0	3233.4799542052183E0	11.658871951160954E0	3233.4799542052183E0	32.33479958624257E0	0.010000000000019327E0
hsa-miR-3136-5p	0.18112994971265725E0	0.3425296946420814E0	3233.4799542098135E0	11.658871951163004E0	3233.4799542098135E0	32.334799586242575E0	0.010000000000005116E0
hsa-miR-1301-3p	0.18113137560920753E0	0.3425296946420814E0	3233.4799542144083E0	11.658871951165054E0	3233.4799542144083E0	32.334799586242575E0	0.009999999999990905E0
hsa-miR-548j-5p	0.1812019448497212E0	0.3425296946420814E0	6.521574673514666E-5	-13.904420120504719E0	-15333.719999575975E0	0.009999999999999787E0	153.33720024532352E0
hsa-miR-505-3p	0.18120504353406136E0	0.3425296946420814E0	1617.239977293443E0	10.659318056462581E0	1617.239977293443E0	16.172399793121283E0	0.010000000000005116E0
hsa-miR-3613-5p	0.18120674466687836E0	0.3425296946420814E0	1.7946778579425998E-4	-12.4439874739175E0	-5572.0306325414285E0	0.010000000000019327E0	55.720306406685225E0
hsa-miR-664a-5p	0.18124883082872592E0	0.3425296946420814E0	3233.4799542098135E0	11.658871951163004E0	3233.4799542098135E0	32.334799586242575E0	0.010000000000005116E0
hsa-miR-326	0.18125679143220613E0	0.3425296946420814E0	6231.1414150219525E0	12.605280743731711E0	6231.1414150219525E0	62.311414242103304E0	0.009999999999990905E0
hsa-miR-590-3p	0.18126727396897765E0	0.3425296946420814E0	6465.959907820511E0	12.658648846724315E0	6465.959907820511E0	64.65959917248529E0	0.009999999999763531E0
hsa-miR-3613-3p	0.18132565962083774E0	0.3425296946420814E0	3116.070707870474E0	11.605512255140201E0	3116.070707870474E0	31.160707121051647E0	0.010000000000005116E0
hsa-miR-106b-5p	0.18138522352473235E0	0.3425296946420814E0	4849.71993099031E0	12.243685719417908E0	4849.71993099031E0	48.49719937936386E0	0.009999999999990905E0
hsa-miR-188-5p	0.18140283331636112E0	0.3425296946420814E0	1.7946778579400495E-4	-12.44398747391955E0	-5572.030632549347E0	0.010000000000005116E0	55.72030640668524E0
hsa-miR-590-5p	0.18150112802053062E0	0.3425296946420814E0	1.7946778579374991E-4	-12.4439874739216E0	-5572.030632557265E0	0.009999999999990905E0	55.72030640668527E0
hsa-miR-6514-5p	0.18161678766612685E0	0.3425296946420814E0	1.794677857939173E-4	-12.443987473920256E0	-5572.030632552068E0	0.010000000000000231E0	55.72030640668523E0
hsa-miR-29c-5p	0.18166071583610194E0	0.3425296946420814E0	1617.239977291145E0	10.659318056460531E0	1617.239977291145E0	16.17239979312128E0	0.010000000000019327E0
hsa-miR-301b-3p	0.1816642308888462E0	0.3425296946420814E0	1.7946778579374991E-4	-12.4439874739216E0	-5572.030632557265E0	0.009999999999990905E0	55.72030640668524E0
hsa-miR-1-3p	0.1816957381502434E0	0.3425296946420814E0	1617.2399772957413E0	10.659318056464631E0	1617.2399772957413E0	16.17239979312128E0	0.009999999999990905E0
hsa-miR-642a-5p	0.18169908217559827E0	0.3425296946420814E0	8082.19988426473E0	12.98053231651896E0	8082.19988426473E0	80.82199896560641E0	0.010000000000019327E0
hsa-miR-340-3p	0.18172429792246866E0	0.3425296946420814E0	1617.239977294592E0	10.659318056463606E0	1617.239977294592E0	16.172399793121283E0	0.00999999999999801E0
hsa-miR-628-5p	0.18179395459117664E0	0.3425296946420814E0	4849.71993099031E0	12.243685719417908E0	4849.71993099031E0	48.497199379363856E0	0.009999999999990905E0
hsa-miR-503-5p	0.1820032975697829E0	0.3425296946420814E0	1.950812136316104E0	0.9640748527522551E0	1.950812136316104E0	652.1015593312543E0	334.2718384401114E0
hsa-miR-548a-3p	0.18203188683757715E0	0.3425296946420814E0	3233.4799542052183E0	11.658871951160954E0	3233.4799542052183E0	32.33479958624257E0	0.010000000000019327E0
hsa-miR-485-3p	0.18216204872515115E0	0.3425296946420814E0	1.9991034246141914E0	0.9993531125618811E0	1.9991034246141914E0	222.7613197081252E0	111.43061281337049E0
hsa-miR-548ay-3p	0.1822606512690446E0	0.3425296946420814E0	3116.070707874902E0	11.605512255142251E0	3116.070707874902E0	31.160707121051647E0	0.009999999999990905E0
hsa-miR-544a	0.18241212394606846E0	0.3425296946420814E0	1617.239977294592E0	10.659318056463606E0	1617.239977294592E0	16.172399793121283E0	0.00999999999999801E0
hsa-miR-130b-5p	0.18249062090755647E0	0.3425296946420814E0	1.9884781824407258E0	0.9916647329969105E0	1.9884781824407258E0	110.79861362146715E0	55.72030640668525E0
hsa-miR-542-5p	0.18261559869476307E0	0.3425296946420814E0	1617.2399772957413E0	10.659318056464631E0	1617.2399772957413E0	16.172399793121286E0	0.009999999999990905E0
hsa-miR-569	0.1829117429593272E0	0.3425296946420814E0	1.794677857939173E-4	-12.443987473920256E0	-5572.030632552068E0	0.010000000000000231E0	55.72030640668524E0
hsa-miR-181c-3p	0.18304500587776856E0	0.3425296946420814E0	1617.2399772957413E0	10.659318056464631E0	1617.2399772957413E0	16.172399793121283E0	0.009999999999990905E0
hsa-miR-1275	0.18314522359202937E0	0.3425296946420814E0	1.794677857939173E-4	-12.443987473920256E0	-5572.030632552068E0	0.010000000000000231E0	55.72030640668524E0
hsa-miR-147b-5p	0.18389944397905675E0	0.3425296946420814E0	1.794677857939173E-4	-12.443987473920256E0	-5572.030632552068E0	0.010000000000000231E0	55.72030640668524E0
hsa-miR-449a	0.1839316634504812E0	0.3425296946420814E0	1617.239977291145E0	10.659318056460531E0	1617.239977291145E0	16.172399793121283E0	0.010000000000019327E0
hsa-miR-199b-5p	0.18401569474042292E0	0.3425296946420814E0	2.2996123697982123E0	1.2013906962565313E0	2.2996123697982123E0	128.13510587977936E0	55.72030640668527E0
hsa-miR-497-3p	0.1840795740249277E0	0.3425296946420814E0	1.794677857939173E-4	-12.443987473920256E0	-5572.030632552068E0	0.010000000000000231E0	55.72030640668523E0
hsa-miR-3150a-5p	0.18440905990167739E0	0.3425296946420814E0	1.794677857939173E-4	-12.443987473920256E0	-5572.030632552068E0	0.010000000000000231E0	55.72030640668524E0
hsa-miR-3064-5p	0.18449892446775895E0	0.3425296946420814E0	1617.239977294592E0	10.659318056463606E0	1617.239977294592E0	16.172399793121283E0	0.00999999999999801E0
hsa-miR-1255a	0.18461235448494748E0	0.3425296946420814E0	4849.719930983418E0	12.243685719415858E0	4849.719930983418E0	48.497199379363856E0	0.010000000000005116E0
hsa-miR-652-3p	0.18483037978211322E0	0.3425296946420814E0	6231.1414150219525E0	12.605280743731711E0	6231.1414150219525E0	62.311414242103304E0	0.009999999999990905E0
hsa-miR-4676-3p	0.18608170288943895E0	0.34379729253353664E0	3116.070707870474E0	11.605512255140201E0	3116.070707870474E0	31.160707121051647E0	0.010000000000005116E0
hsa-miR-1468-5p	0.187811960843135E0	0.34593935644662555E0	4849.719930983418E0	12.243685719415858E0	4849.719930983418E0	48.497199379363856E0	0.010000000000005116E0
hsa-miR-143-3p	0.18900198065253312E0	0.3463745153350444E0	0.10529065342670937E0	-3.247550719809693E0	-9.497519176249382E0	481.35971639806576E0	4571.723138902485E0
hsa-let-7f-5p	0.18998031130766152E0	0.3463745153350444E0	1.3605694382505054E0	0.444210588093106E0	1.3605694382505054E0	12112.91554059994E0	8902.827889141445E0
hsa-miR-579-5p	0.19020509141200884E0	0.3463745153350444E0	1617.239977293443E0	10.659318056462581E0	1617.239977293443E0	16.172399793121283E0	0.010000000000005116E0
hsa-miR-128-1-5p	0.19033451090193032E0	0.3463745153350444E0	1.9780303561779122E0	0.9840645668307352E0	1.9780303561779122E0	220.41313477774338E0	111.43061281337049E0
hsa-miR-148b-3p	0.1929060641256933E0	0.350003218144222E0	1.378372120718332E0	0.46296542667828017E0	1.378372120718332E0	3764.749572919053E0	2731.3013054508483E0
hsa-miR-9-3p	0.1948989670904678E0	0.3525635046472343E0	2.1982415887406948E0	1.1363499484914499E0	2.1982415887406948E0	337.07221072516506E0	153.33720024532334E0
hsa-miR-382-5p	0.1958030267057691E0	0.35314474459433354E0	1.5700345882447513E0	0.650796342390478E0	1.5700345882447513E0	1224.555212162093E0	779.9542896935934E0
hsa-miR-17-3p	0.19681712998838413E0	0.35392041772391925E0	1.6482493089628834E0	0.7209344765024681E0	1.6482493089628834E0	252.73793436398591E0	153.33720024532354E0
hsa-miR-1246	0.19763552889271996E0	0.35434062280765766E0	0.14165224330101064E0	-2.8195746454931565E0	-7.059542275479553E0	844.6013696639673E0	5962.49907703859E0
hsa-let-7f-2-3p	0.20040564355061477E0	0.35824725661260337E0	3.085516689567941E0	1.6255120981464029E0	3.085516689567941E0	171.92593539837952E0	55.72030640668521E0
hsa-miR-379-5p	0.20378474138613498E0	0.36230346780845113E0	1.7611315443849938E0	0.8165026725672704E0	1.7611315443849938E0	784.9230350717976E0	445.6924512534822E0
hsa-let-7i-3p	0.2038704332057456E0	0.36230346780845113E0	1.6984151725433827E0	0.7641891645185066E0	1.6984151725433827E0	94.63621382834586E0	55.72030640668527E0
hsa-miR-30e-5p	0.2048032855061576E0	0.36289704975652487E0	0.5134785519623067E0	-0.9616240785656117E0	-1.947501012804538E0	429.35023962312914E0	836.160026608035E0
hsa-miR-181b-5p	0.2063058506739747E0	0.3644937186834655E0	8.974919467711127E-6	-16.7656695756871E0	-111421.61259470665E0	0.010000000000000009E0	1114.2161281337048E0
hsa-miR-582-3p	0.21246202168492892E0	0.3734215337016282E0	1.4294233401066523E0	0.5154332503897412E0	1.4294233401066523E0	79.6479065004155E0	55.72030640668521E0
hsa-miR-454-3p	0.21259146720637248E0	0.3734215337016282E0	1.2791616161709372E0	0.3551985536004669E0	1.2791616161709372E0	285.0627339502285E0	222.8512256267411E0
hsa-miR-363-5p	0.21328853884235494E0	0.37356316340597423E0	3.589871129831352E-5	-14.765708419717258E0	-27856.153155196378E0	0.010000000000000009E0	278.56153203342615E0
hsa-miR-331-3p	0.2171894115364123E0	0.3789902450736467E0	0.6582397638344066E0	-0.6033149135270205E0	-1.519203267476211E0	174.27412032876134E0	264.75781305869396E0
hsa-miR-1185-1-3p	0.21798731634196591E0	0.3789902450736467E0	1.7946778579425998E-4	-12.4439874739175E0	-5572.0306325414285E0	0.010000000000019327E0	55.72030640668525E0
hsa-miR-103a-3p	0.21828931329771203E0	0.3789902450736467E0	1.31776006411222E0	0.3980877103860535E0	1.31776006411222E0	10320.063256028669E0	7831.519209455208E0
hsa-miR-655-3p	0.21888875540557154E0	0.3789902450736467E0	4849.71993099031E0	12.243685719417908E0	4849.71993099031E0	48.497199379363856E0	0.009999999999990905E0
hsa-miR-23a-5p	0.22061359486668888E0	0.3794281772904325E0	1.9674070049728911E0	0.9762954443044546E0	1.9674070049728911E0	109.62452115627622E0	55.72030640668523E0
hsa-miR-323a-3p	0.22185576837562773E0	0.3794281772904325E0	1.2738808228081804E0	0.3492303133979201E0	1.2738808228081804E0	141.9493207425188E0	111.43061281337043E0
hsa-miR-3934-3p	0.222061305209466E0	0.3794281772904325E0	3233.4799542098135E0	11.658871951163004E0	3233.4799542098135E0	32.334799586242575E0	0.010000000000005116E0
hsa-miR-192-5p	0.2222000919977874E0	0.3794281772904325E0	0.5984115227665527E0	-0.7407901394510656E0	-1.6710908161942457E0	225.10950463850708E0	376.1784258720645E0
hsa-miR-4772-3p	0.22227228207607846E0	0.3794281772904325E0	3233.4799542098135E0	11.658871951163004E0	3233.4799542098135E0	32.334799586242575E0	0.010000000000005116E0
hsa-miR-3679-5p	0.22459594431288155E0	0.38231781531911857E0	6.521574673514806E-5	-13.904420120504687E0	-15333.719999575647E0	0.010000000000000009E0	153.33720024532352E0
hsa-miR-3180-5p	0.2263744265820693E0	0.38426583335779835E0	1.1365416875107552E0	0.18465060211619302E0	1.1365416875107552E0	174.27412032876134E0	153.33720024532352E0
hsa-miR-26a-2-3p	0.22774091429219098E0	0.3855055700029825E0	1.1441986191821838E0	0.1943375084424967E0	1.1441986191821838E0	175.44821279395228E0	153.33720024532352E0
hsa-miR-369-3p	0.2301125350995202E0	0.3876568859075253E0	1.4399984116114244E0	0.5260672203053759E0	1.4399984116114244E0	160.4599054660219E0	111.43061281337043E0
hsa-miR-29a-5p	0.23029121935100513E0	0.3876568859075253E0	1.1393603301915545E0	0.18822408099626411E0	1.1393603301915545E0	63.48550670729422E0	55.720306406685246E0
hsa-miR-16-1-3p	0.23446277704270846E0	0.39358571437086237E0	1.0311373905474934E0	0.04423657272139145E0	1.0311373905474934E0	158.11172053564007E0	153.33720024532352E0
hsa-miR-155-5p	0.23992778844009638E0	0.40164707125607296E0	2.2841396046279887E0	1.1916508296628623E0	2.2841396046279887E0	1622.7447446641706E0	710.4402643121762E0
hsa-miR-889-3p	0.24236345423710057E0	0.4046067583131761E0	0.9530030931109825E0	-0.06944719826669532E0	-1.0493145376219093E0	159.285813000831E0	167.1409192200556E0
hsa-miR-629-5p	0.2436432459651394E0	0.4056258435573475E0	0.9611027040933422E0	-0.05723748827017715E0	-1.040471528943779E0	267.7262416919163E0	278.56153203342615E0
hsa-miR-548h-5p	0.24663681339191998E0	0.40948468196028354E0	1.794677857939173E-4	-12.443987473920256E0	-5572.030632552068E0	0.010000000000000231E0	55.72030640668524E0
hsa-miR-376c-3p	0.2479539893859847E0	0.4105467693112205E0	0.8279801190846572E0	-0.27233196779358126E0	-1.2077584678065858E0	253.91202682917685E0	306.66440049064704E0
hsa-miR-550a-3p	0.24949856795532063E0	0.41197856180088366E0	1617.239977294592E0	10.659318056463606E0	1617.239977294592E0	16.172399793121283E0	0.00999999999999801E0
hsa-miR-769-3p	0.25239363718737645E0	0.4156264786292123E0	1.180541911365387E0	0.23944926074967632E0	1.180541911365387E0	328.85356346882867E0	278.56153203342615E0
hsa-miR-337-5p	0.25325233654799384E0	0.4158870453673519E0	0.7996844291113533E0	-0.32249729785479786E0	-1.25049327409219E0	222.76131970812514E0	278.5615320334261E0
hsa-miR-376b-3p	0.25416679908454376E0	0.4158870453673519E0	1.3285377239622131E0	0.40983919388074197E0	1.3285377239622131E0	518.1059911255204E0	389.9821448467965E0
hsa-miR-15a-5p	0.25461071589321377E0	0.4158870453673519E0	0.7820200218593092E0	-0.3547225499284453E0	-1.2787396384333327E0	174.27412032876123E0	222.85122562674042E0
hsa-miR-598-3p	0.2553876285172669E0	0.416034685165225E0	0.7628105057625871E0	-0.39060338166771974E0	-1.310941567329743E0	350.88642558790457E0	459.99160073597045E0
hsa-miR-30b-5p	0.26064236371244603E0	0.42345649439609195E0	1.4517809718849541E0	0.5378238124171822E0	1.4517809718849541E0	1294.8003789409813E0	891.87033301472E0
hsa-miR-26b-5p	0.26497721251656037E0	0.4281867233994934E0	0.7472471338025038E0	-0.4203426366833492E0	-1.3382453471735876E0	1853.439816909081E0	2480.3572113668843E0
hsa-miR-140-5p	0.2657557574816441E0	0.4281867233994934E0	0.7829334333956449E0	-0.35303844304465504E0	-1.2772477931654036E0	240.09781196643746E0	306.6644004906471E0
hsa-miR-491-5p	0.2659950671880977E0	0.4281867233994934E0	1.0234804588759299E0	0.03348355751333249E0	1.0234804588759299E0	156.93762807044916E0	153.33720024532352E0
hsa-miR-374a-5p	0.2663801893095858E0	0.4281867233994934E0	1.5561776522817448E0	0.6380067669024496E0	1.5561776522817448E0	910.6999560211943E0	585.2159325240718E0
hsa-miR-34c-5p	0.2677727306744427E0	0.42928644123997955E0	0.7225814313179098E0	-0.46876791358748987E0	-1.3839270657372265E0	110.79861362146715E0	153.33720024532352E0
hsa-miR-365a-5p	0.270089123569556E0	0.430736822521949E0	0.7225814313179098E0	-0.46876791358748987E0	-1.3839270657372265E0	110.79861362146715E0	153.33720024532352E0
hsa-miR-502-3p	0.27009899762102413E0	0.430736822521949E0	0.8203287966152933E0	-0.2857258215338399E0	-1.219023401501979E0	125.78692094939751E0	153.33720024532352E0
hsa-miR-362-5p	0.2786647977594065E0	0.4432306232078749E0	0.7302383629899215E0	-0.45356063230261257E0	-1.3694158656709763E0	111.97270608665806E0	153.33720024532352E0
hsa-miR-342-3p	0.28071843386584294E0	0.4453281961327247E0	1.4331972176570167E0	0.5192371478823862E0	1.4331972176570167E0	1437.913792148691E0	1003.2909458280908E0
hsa-miR-196b-5p	0.2872498717123502E0	0.4544997970174523E0	0.6625064689714469E0	-0.5939935532185606E0	-1.5094192235624775E0	304.74741113892253E0	459.9916007359705E0
hsa-miR-323b-3p	0.30310441278920186E0	0.47833665143295917E0	0.8492837959121529E0	-0.23568137086178584E0	-1.1774627101250343E0	94.63621382834586E0	111.43061281337044E0
hsa-miR-425-3p	0.3051049702737589E0	0.48024314801531914E0	0.7923127855172405E0	-0.33585801176571967E0	-1.2621278089652137E0	507.8140536583537E0	640.9262389307585E0
hsa-miR-320d	0.3065224516588858E0	0.4812243671121368E0	0.8422547209762926E0	-0.2476714849745864E0	-1.187289278522367E0	140.77522827732787E0	167.1409192200557E0
hsa-miR-6807-5p	0.30997902755749057E0	0.48539351602025654E0	0.7525800476771699E0	-0.41008305355328195E0	-1.328762306530035E0	125.78692094939751E0	167.1409192200557E0
hsa-miR-30d-3p	0.31103357379005814E0	0.485789550816431E0	0.7149244996458841E0	-0.48413720227994644E0	-1.398749099373877E0	109.62452115627622E0	153.33720024532352E0
hsa-miR-128-3p	0.3132359207800296E0	0.4879716400840564E0	1.4940193424089423E0	0.5791988261839245E0	1.4940193424089423E0	1644.7776067832467E0	1100.9078396667283E0
hsa-miR-223-3p	0.31685579935357383E0	0.49234516514939936E0	0.16895885405803926E0	-2.5652561399409906E0	-5.9186007479459395E0	409.66556243443506E0	2424.646904960199E0
hsa-miR-409-5p	0.32757160613345704E0	0.5076941005546675E0	0.6699299406557101E0	-0.5779178643220548E0	-1.4926933986876685E0	111.97270608665806E0	167.1409192200557E0
hsa-miR-107	0.33226361373497987E0	0.5104436779361826E0	1.447411344654016E0	0.5334749844528544E0	1.447411344654016E0	766.4124503482942E0	529.505626117388E0
hsa-miR-194-5p	0.3322820012471333E0	0.5104436779361826E0	0.5117728373711791E0	-0.9664245173220886E0	-1.9539919413009392E0	78.47381403522459E0	153.33720024532352E0
hsa-miR-6821-5p	0.3324604690107324E0	0.5104436779361826E0	0.7290189749024706E0	-0.45597172938668024E0	-1.3717064087855624E0	203.07664251943118E0	278.56153203342615E0
hsa-miR-3182	0.3327149385887659E0	0.5104436779361826E0	0.775294315786336E0	-0.36718400731240136E0	-1.2898327507867229E0	10996.759403170336E0	14183.98043134059E0
hsa-miR-92b-3p	0.3337461622266736E0	0.5107327634074853E0	1.4548134108415067E0	0.5408341300987434E0	1.4548134108415067E0	750.250050555173E0	515.7019071426557E0
hsa-miR-190b-5p	0.34001872589785515E0	0.5190210274410585E0	0.4246867689786116E0	-1.2355289323435266E0	-2.3546766064905658E0	47.32310691417293E0	111.43061281337046E0
hsa-miR-301b-5p	0.343853282350422E0	0.5235555002622003E0	0.3574039419808206E0	-1.484372548239301E0	-2.7979545901417704E0	79.6479065004155E0	222.85122562674093E0
hsa-miR-127-3p	0.35663707783365983E0	0.5403855135638502E0	5.434166472564676E0	2.442058762369741E0	5.434166472564676E0	1741.4771108224227E0	320.46811946537946E0
hsa-miR-19b-3p	0.35695712111352057E0	0.5403855135638502E0	1.4620726650910894E0	0.5480150150943176E0	1.4620726650910894E0	1629.7892994553167E0	1114.7115586414657E0
hsa-miR-3195	0.35758183323284476E0	0.5403855135638502E0	0.21965689044878084E0	-2.1866763386373544E0	-4.552554659027089E0	2561.6874334369327E0	11662.22206304951E0
hsa-miR-221-5p	0.37236961058126494E0	0.5613332935628024E0	1.9119911394275042E0	0.9350758375793211E0	1.9119911394275042E0	612.7322049538662E0	320.46811946537923E0
hsa-miR-548b-3p	0.3738871822580199E0	0.562222413023226E0	0.3086211750824729E0	-1.6960910435476342E0	-3.240218367170593E0	47.323106914172925E0	153.33720024532352E0
hsa-miR-486-5p	0.3827270589497449E0	0.5740905884246174E0	0.2831329823066967E0	-1.8204482755670763E0	-3.5319092528639957E0	47.32310691417293E0	167.1409192200557E0
hsa-miR-455-3p	0.3939489830654346E0	0.5894644042905021E0	1.4353246592858317E0	0.5213771002216628E0	1.4353246592858317E0	300.0510412781589E0	209.04750665200868E0
hsa-miR-660-5p	0.4086723658605977E0	0.6098341984873282E0	1.3601631731220492E0	0.4437797359850994E0	1.3601631731220492E0	1213.0891822297356E0	891.87033301472E0
hsa-miR-140-3p	0.4095751135055158E0	0.6098341984873282E0	1.7149163284227384E0	0.7781381883430775E0	1.7149163284227384E0	1505.8107739971977E0	878.0666140399879E0
hsa-miR-150-5p	0.4125393766923048E0	0.6127423094988644E0	0.30860151470417474E0	-1.6961829518029583E0	-3.2404247949288245E0	171.92593539837952E0	557.1130640668523E0
hsa-miR-126-3p	0.4236220933874263E0	0.627665008784304E0	0.0803751772865715E0	-3.637106175123559E0	-12.441652183665825E0	7650.294802207189E0	95182.30707209112E0
hsa-miR-130a-3p	0.428329812113375E0	0.6330923564407445E0	1.2250092458651676E0	0.29279263813681516E0	1.2250092458651676E0	2167.56996776953E0	1769.4315165469525E0
hsa-miR-2277-5p	0.4433754405840436E0	0.6537360510801227E0	0.3521354384673393E0	-1.5057976693667292E0	-2.8398164193654436E0	78.47381403522459E0	222.85122562674093E0
hsa-miR-224-5p	0.45509143201414726E0	0.6693820577683817E0	1.2410482443281354E0	0.31155919967462603E0	1.2410482443281354E0	812.5514647972763E0	654.7299579054907E0
hsa-miR-23b-3p	0.4717690125763222E0	0.6922324978722791E0	1.2729949353283243E0	0.3482266794189681E0	1.2729949353283243E0	2998.0722278512076E0	2355.132879578782E0
hsa-miR-671-5p	0.4731344068100982E0	0.6925590592437669E0	0.7939434070968557E0	-0.3328919202780115E0	-1.259535618107358E0	376.1666703830016E0	473.79531971070276E0
hsa-miR-30d-5p	0.47914192954229945E0	0.6996626730183938E0	0.4443232742458765E0	-1.1703183812691995E0	-2.250613591415486E0	1102.3005686082683E0	2480.8526418746405E0
hsa-miR-92b-5p	0.49798569282617156E0	0.7254310813765864E0	0.45703294925154386E0	-1.1296299164568702E0	-2.18802605290853E0	171.92593539837952E0	376.1784258720645E0
hsa-miR-424-5p	0.5050535455330111E0	0.7339627064580448E0	0.8661326793424855E0	-0.20734005242083864E0	-1.1545575220174562E0	555.1271605725267E0	640.9262389307582E0
hsa-miR-148a-3p	0.5555072058568234E0	0.8053525520316627E0	0.9958942448452992E0	-0.0059355459051203645E0	-1.0041226818770688E0	2623.364544652948E0	2634.1798421199637E0
hsa-miR-4516	0.5625632566941875E0	0.8136356409467247E0	0.5237807501535376E0	-0.9329650557569881E0	-1.909195784126978E0	5180.620502948668E0	9890.818824471531E0
hsa-miR-27b-3p	0.5676582822100185E0	0.8190498071887409E0	1.0871211256195314E0	0.12051269252272083E0	1.0871211256195314E0	7514.775733229728E0	6912.546868998779E0
hsa-miR-494-3p	0.5763511561348399E0	0.829617103605019E0	0.25492216764191616E0	-1.971871261517422E0	-3.9227659534288875E0	316.21344107128016E0	1240.4313209373204E0
hsa-miR-320c	0.6051361495216836E0	0.868986982488484E0	0.8891199069474096E0	-0.16955010047439853E0	-1.1247076937387128E0	235.40144210567374E0	264.75781305869396E0
hsa-miR-197-5p	0.6069639942821625E0	0.8695512542198356E0	0.4429436569192778E0	-1.1748048973548537E0	-2.2576234795980845E0	141.9493207425188E0	320.46811946537923E0
hsa-miR-23a-3p	0.6088119142103899E0	0.8701415566308875E0	1.1664710729997796E0	0.22215053076212746E0	1.1664710729997796E0	6436.9407252579E0	5518.302917308378E0
hsa-miR-4492	0.6137075612035027E0	0.8750747813866415E0	0.31919140677864116E0	-1.6475062828155702E0	-3.132916421818018E0	1427.6218546815244E0	4472.619953540578E0
hsa-miR-668-3p	0.6652837601781709E0	0.9463895743379614E0	0.3386657798592593E0	-1.5620658763502229E0	-2.9527636373996042E0	840.1798945227551E0	2480.8526418746405E0
hsa-miR-182-5p	0.6691100844155752E0	0.9481605466403232E0	0.5453303288896942E0	-0.8747977008055756E0	-1.8337509341100178E0	2508.1544558902688E0	4599.330576851949E0
hsa-miR-296-5p	0.6696579438317795E0	0.9481605466403232E0	0.9068582686818556E0	-0.14105100284086516E0	-1.1027081458423802E0	240.0978119664374E0	264.75781305869396E0
hsa-miR-130b-3p	0.672274246487518E0	0.9496461383949555E0	0.8834116491091689E0	-0.17884223828332688E0	-1.1319751114991505E0	886.3189089717373E0	1003.290945828091E0
hsa-miR-345-5p	0.6857142808191191E0	0.9663787306427586E0	1.0067772737166765E0	0.009744555594145887E0	1.0067772737166765E0	266.5521492267254E0	264.75781305869396E0
hsa-miR-126-5p	0.7002041341423235E0	0.9845097570539397E0	0.06899731423478804E0	-3.8573159846312324E0	-14.493317763023969E0	2216.956364894534E0	32131.05307768265E0
hsa-miR-29b-3p	0.7076993768468062E0	0.992744959187881E0	1.1871596442492753E0	0.24751395560319348E0	1.1871596442492753E0	2811.717774564E0	2368.441168045756E0
hsa-miR-1307-3p	0.7103718023424967E0	0.9941924069735635E0	0.9421141425282017E0	-0.08602623368682207E0	-1.0614425098390512E0	1260.127394424357E0	1337.5527842682022E0
hsa-miR-1248	0.7250277830148666E0	1.0E0	0.03515803283448963E0	-4.830001838841802E0	-28.443002050416524E0	16.172399793121283E0	459.99160073597056E0
hsa-miR-19a-3p	0.7545679821820983E0	1.0E0	1.423539790186638E0	0.5094828192499359E0	1.423539790186638E0	753.7723279507445E0	529.5056261173886E0
hsa-miR-27a-3p	0.7572277388308557E0	1.0E0	1.0978686490451084E0	0.1347054580709743E0	1.0978686490451084E0	4175.8541225382305E0	3803.6008461526E0
hsa-miR-411-5p	0.7802807458250797E0	1.0E0	0.9872039897717121E0	-0.0185798697555503E0	-1.0129618704552106E0	481.35971639806576E0	487.59903868543483E0
hsa-miR-96-5p	0.7969377578288562E0	1.0E0	0.5473618000792756E0	-0.8694333411476209E0	-1.826945175668393E0	762.8901729527215E0	1393.7585211826445E0
hsa-miR-18b-5p	0.7996421680538711E0	1.0E0	0.1054695127691797E0	-3.2451020640413684E0	-9.481412910179102E0	16.172399793121283E0	153.33720024532352E0
hsa-miR-129-5p	0.7997668369743984E0	1.0E0	0.1054695127691797E0	-3.2451020640413684E0	-9.481412910179102E0	16.172399793121283E0	153.33720024532352E0
hsa-miR-324-5p	0.8002622328110107E0	1.0E0	0.983059872328525E0	-0.02464880967346381E0	-1.017232040639956E0	315.0393486060892E0	320.46811946537923E0
hsa-miR-4488	0.8161294585399673E0	1.0E0	1.2755242800031363E0	0.35109036135255683E0	1.2755242800031363E0	1155.2092431288445E0	905.6740519894524E0
hsa-miR-3180	0.8231053563939069E0	1.0E0	0.9714377644239345E0	-0.04180652299132312E0	-1.0294020230858567E0	203.07664251943118E0	209.04750665200876E0
hsa-miR-122-5p	0.8250182828512811E0	1.0E0	0.14513426239052354E0	-2.784539952837261E0	-6.890171786653834E0	16.172399793121283E0	111.43061281337046E0
hsa-miR-10a-5p	0.8302650381451753E0	1.0E0	0.8137915772249718E0	-0.2972687463492309E0	-1.2288158638972386E0	2812.8918670291914E0	3456.5261497532674E0
hsa-miR-421	0.8334006496383802E0	1.0E0	0.8344909093172503E0	-0.2610317614820608E0	-1.1983354028603657E0	604.7884524170814E0	724.7394137946646E0
hsa-miR-542-3p	0.8361938800630339E0	1.0E0	0.14509590201196243E0	-2.784921321385585E0	-6.891993406661168E0	32.33479958624264E0	222.85122562674104E0
hsa-miR-99b-3p	0.8364098692843503E0	1.0E0	1.0055493519107137E0	0.007983890205761537E0	1.0055493519107137E0	910.6999560211949E0	905.6740519894524E0
hsa-miR-200b-3p	0.8535216998202095E0	1.0E0	0.13546206966266955E0	-2.8840391515747226E0	-7.3821402735852235E0	62.311414242103304E0	459.99160073597056E0
hsa-miR-5699-5p	0.8613171749542117E0	1.0E0	0.20321687809339814E0	-2.29890786536375E0	-4.92085110932765E0	31.160707121051647E0	153.33720024532352E0
hsa-miR-362-3p	0.8647832931927475E0	1.0E0	0.210873809767033E0	-2.245548169340947E0	-4.742172587030935E0	32.334799586242575E0	153.33720024532352E0
hsa-miR-329-3p	0.8814890838140995E0	1.0E0	0.2902424778224013E0	-1.7846694174569675E0	-3.4453950624411966E0	16.17239979312128E0	55.720306406685225E0
hsa-miR-7706	0.8817615095588419E0	1.0E0	0.29024247782240126E0	-1.784669417456968E0	-3.445395062441197E0	16.172399793121283E0	55.72030640668524E0
hsa-miR-28-5p	0.8817888024589028E0	1.0E0	0.29024247782240126E0	-1.784669417456968E0	-3.445395062441197E0	16.172399793121283E0	55.72030640668524E0
hsa-miR-561-3p	0.8818023064652575E0	1.0E0	0.29024247782240126E0	-1.784669417456968E0	-3.445395062441197E0	16.172399793121283E0	55.72030640668524E0
hsa-miR-676-3p	0.8818188993264794E0	1.0E0	0.29024247782240126E0	-1.784669417456968E0	-3.445395062441197E0	16.172399793121283E0	55.72030640668524E0
hsa-miR-195-5p	0.8819144436158662E0	1.0E0	0.2902424778224012E0	-1.7846694174569682E0	-3.445395062441198E0	16.17239979312128E0	55.72030640668524E0
hsa-miR-378d	0.8819546231262833E0	1.0E0	0.29024247782240126E0	-1.784669417456968E0	-3.445395062441197E0	16.172399793121283E0	55.72030640668524E0
hsa-miR-301a-3p	0.8944512645815803E0	1.0E0	0.5810588848299739E0	-0.7832437203325032E0	-1.720995971505735E0	477.83743900249306E0	822.3563076333031E0
hsa-miR-299-5p	0.8972807664562527E0	1.0E0	1.425229943042176E0	0.5111946988734002E0	1.425229943042176E0	377.3407628481925E0	264.75781305869396E0
hsa-miR-3621	0.9067107434953952E0	1.0E0	1.166822184379826E0	0.22258472106290864E0	1.166822184379826E0	568.9413754352661E0	487.599038685435E0
hsa-miR-642a-3p	0.9188059370394803E0	1.0E0	2.6107465571485693E0	1.3844624122689297E0	2.6107465571485693E0	145.47159813809154E0	55.72030640668524E0
hsa-let-7d-5p	0.9239395670907254E0	1.0E0	0.7915090857266152E0	-0.337322183744745E0	-1.2634093758784684E0	1599.537790079904E0	2020.87104113867E0
hsa-miR-1197	0.9461155285454164E0	1.0E0	0.5592343103190717E0	-0.8384752187793495E0	-1.7881592412122371E0	31.160707121051644E0	55.72030640668525E0
hsa-miR-154-5p	0.9461415801795056E0	1.0E0	0.5592343103190718E0	-0.8384752187793492E0	-1.788159241212237E0	31.160707121051644E0	55.72030640668524E0
hsa-miR-185-5p	0.9487275849414453E0	1.0E0	1.1911590597592627E0	0.2523660743304216E0	1.1911590597592627E0	1775.875200619496E0	1490.8799845135259E0
hsa-miR-6724-5p	0.9490951450698536E0	1.0E0	1.48800590566194E0	0.5733802522875348E0	1.48800590566194E0	705.0102338518303E0	473.7953197107027E0
hsa-miR-487b-5p	0.9546812000470937E0	1.0E0	1.6773439950749842E0	0.7461785917620961E0	1.6773439950749842E0	93.46212136315494E0	55.72030640668523E0
hsa-miR-98-5p	0.9551056851223341E0	1.0E0	0.9939031326525061E0	-0.008822843554288511E0	-1.0061342671606466E0	623.2990371405847E0	627.1225199560264E0
hsa-miR-760	0.966121601833086E0	1.0E0	0.6324909976904848E0	-0.6608831489613957E0	-1.5810501709138303E0	96.98439875872769E0	153.33720024532352E0
hsa-miR-136-3p	0.9694177241902832E0	1.0E0	1.4505349458301309E0	0.5365850529082091E0	1.4505349458301309E0	161.6339979312129E0	111.43061281337054E0
hsa-miR-183-5p	0.9827548103259973E0	1.0E0	0.6310477748705844E0	-0.6641788631189014E0	-1.5846660741416616E0	2014.1646170946542E0	3191.778336694573E0
hsa-miR-539-3p	0.9881775170090027E0	1.0E0	0.8703684977346485E0	-0.20030175450369256E0	-1.148938642198965E0	48.49719937936385E0	55.72030640668521E0
hsa-miR-330-5p	0.9900117126752287E0	1.0E0	1.1182891527217238E0	0.1612932698101111E0	1.1182891527217238E0	62.311414242103304E0	55.72030640668523E0
hsa-miR-551a	0.9900117269151902E0	1.0E0	1.118289152721723E0	0.16129326981010997E0	1.118289152721723E0	62.311414242103304E0	55.72030640668527E0
hsa-miR-501-5p	0.9905694180178752E0	1.0E0	1.1182891527217236E0	0.16129326981011083E0	1.1182891527217236E0	62.311414242103304E0	55.72030640668524E0
hsa-miR-4450	0.9999999999999933E0	1.0E0	1.0E0	0.0E0	-1.0E0	0.01E0	0.010000000000005116E0
hsa-miR-651-5p	0.9999999999999936E0	1.0E0	1.0E0	0.0E0	-1.0E0	0.01E0	0.009999999999990905E0
hsa-miR-4783-3p	0.9999999999999947E0	1.0E0	1.0E0	0.0E0	-1.0E0	0.01E0	0.009999999999999787E0
hsa-miR-7974	0.999999999999995E0	1.0E0	0.9999999999971578E0	-4.100385924888922E-12	-1.0000000000028422E0	0.009999999999990905E0	0.010000000000019327E0
hsa-let-7c-3p	0.9999999999999953E0	1.0E0	1.0E0	0.0E0	-1.0E0	0.01E0	0.009999999999990905E0
hsa-miR-570-3p	0.9999999999999968E0	1.0E0	1.0E0	0.0E0	-1.0E0	0.009999999999999787E0	0.010000000000005116E0
hsa-miR-651-3p	0.999999999999997E0	1.0E0	1.0E0	0.0E0	-1.0E0	0.01E0	0.009999999999999787E0
hsa-miR-338-3p	0.9999999999999973E0	1.0E0	1.0E0	0.0E0	-1.0E0	0.010000000000000009E0	0.009999999999990905E0
hsa-miR-183-3p	0.9999999999999977E0	1.0E0	1.0E0	0.0E0	-1.0E0	0.009999999999999787E0	0.010000000000005116E0
hsa-miR-20b-3p	0.9999999999999978E0	1.0E0	1.0E0	0.0E0	-1.0E0	0.01E0	0.009999999999999787E0
hsa-miR-887-3p	0.9999999999999984E0	1.0E0	1.0E0	0.0E0	-1.0E0	0.01E0	0.009999999999999787E0
hsa-miR-487a-5p	0.9999999999999987E0	1.0E0	1.0E0	0.0E0	-1.0E0	0.010000000000000231E0	0.010000000000000231E0
hsa-miR-3171	0.9999999999999999E0	1.0E0	1.0E0	0.0E0	-1.0E0	0.010000000000000231E0	0.009999999999999787E0
hsa-miR-190a-3p	1.0E0	1.0E0	1.0E0	0.0E0	-1.0E0	0.009999999999999787E0	0.009999999999999787E0
hsa-miR-6844	1.0E0	1.0E0	1.0E0	0.0E0	-1.0E0	0.009999999999999787E0	0.009999999999999787E0
hsa-miR-449c-5p	1.0E0	1.0E0	1.0E0	0.0E0	-1.0E0	0.010000000000000009E0	0.009999999999999787E0
hsa-miR-127-5p	1.0E0	1.0E0	1.0E0	0.0E0	-1.0E0	0.010000000000005116E0	0.010000000000005116E0
hsa-miR-188-3p	1.0E0	1.0E0	1.0E0	0.0E0	-1.0E0	0.009999999999999787E0	0.010000000000005116E0
hsa-miR-744-3p	1.0E0	1.0E0	1.0E0	0.0E0	-1.0E0	0.009999999999999787E0	0.010000000000005116E0
hsa-miR-3611	1.0E0	1.0E0	1.0E0	0.0E0	-1.0E0	0.009999999999999787E0	0.00999999999999801E0
hsa-miR-18b-3p	1.0E0	1.0E0	1.0E0	0.0E0	-1.0E0	0.01E0	0.009999999999999787E0
hsa-miR-544b	1.0E0	1.0E0	1.0E0	0.0E0	-1.0E0	0.009999999999999787E0	0.009999999999999787E0
hsa-miR-450a-2-3p	1.0E0	1.0E0	1.0E0	0.0E0	-1.0E0	0.009999999999999787E0	0.00999999999999801E0
hsa-miR-450a-1-3p	1.0E0	1.0E0	1.0E0	0.0E0	-1.0E0	0.00999999999999801E0	0.010000000000005116E0
hsa-miR-675-5p	1.0E0	1.0E0	1.0E0	0.0E0	-1.0E0	0.010000000000000231E0	0.009999999999999787E0
hsa-miR-6733-5p	1.0E0	1.0E0	1.0E0	0.0E0	-1.0E0	0.009999999999999787E0	0.009999999999999787E0
hsa-miR-450a-5p	1.0E0	1.0E0	1.0E0	0.0E0	-1.0E0	0.009999999999999787E0	0.009999999999999787E0
hsa-miR-33a-3p	1.0E0	1.0E0	1.000000000001421E0	2.0501929624400907E-12	1.000000000001421E0	0.010000000000005116E0	0.009999999999990905E0
hsa-miR-192-3p	1.0E0	1.0E0	1.0E0	0.0E0	-1.0E0	0.010000000000000231E0	0.010000000000005116E0
hsa-miR-124-5p	1.0E0	1.0E0	1.0E0	0.0E0	-1.0E0	0.010000000000000009E0	0.009999999999999787E0
hsa-miR-4677-3p	1.0E0	1.0E0	1.0E0	0.0E0	-1.0E0	0.009999999999999787E0	0.00999999999999801E0
hsa-miR-194-3p	1.0E0	1.0E0	1.0E0	0.0E0	-1.0E0	0.010000000000000009E0	0.00999999999999801E0
hsa-miR-4746-5p	1.0E0	1.0E0	1.0E0	0.0E0	-1.0E0	0.010000000000000231E0	0.009999999999999787E0
hsa-miR-664a-3p	1.0E0	1.0E0	1.0E0	0.0E0	-1.0E0	0.010000000000000009E0	0.009999999999999787E0
hsa-miR-4766-3p	1.0E0	1.0E0	1.0E0	0.0E0	-1.0E0	0.009999999999999787E0	0.00999999999999801E0
hsa-miR-346	1.0E0	1.0E0	1.0E0	0.0E0	-1.0E0	0.010000000000000009E0	0.009999999999999787E0
hsa-miR-4467	1.0E0	1.0E0	1.0E0	0.0E0	-1.0E0	0.010000000000000231E0	0.009999999999999787E0
hsa-miR-3657	1.0E0	1.0E0	1.0E0	0.0E0	-1.0E0	0.010000000000000009E0	0.009999999999999787E0
hsa-miR-182-3p	1.0E0	1.0E0	1.0E0	0.0E0	-1.0E0	0.009999999999999787E0	0.010000000000005116E0
hsa-miR-1294	1.0E0	1.0E0	1.0E0	0.0E0	-1.0E0	0.009999999999999787E0	0.009999999999999787E0
hsa-miR-1305	1.0E0	1.0E0	1.0E0	0.0E0	-1.0E0	0.009999999999999787E0	0.009999999999999787E0
hsa-miR-1286	1.0E0	1.0E0	1.0E0	0.0E0	-1.0E0	0.010000000000000009E0	0.00999999999999801E0
hsa-miR-3909	1.0E0	1.0E0	1.0E0	0.0E0	-1.0E0	0.010000000000000231E0	0.009999999999999787E0
hsa-miR-3912-3p	1.0E0	1.0E0	1.0E0	0.0E0	-1.0E0	0.009999999999999787E0	0.009999999999999787E0
hsa-miR-98-3p	1.0E0	1.0E0	1.0E0	0.0E0	-1.0E0	0.010000000000005116E0	0.010000000000005116E0
hsa-miR-3940-3p	1.0E0	1.0E0	1.0E0	0.0E0	-1.0E0	0.010000000000000231E0	0.009999999999999787E0
hsa-miR-3942-5p	1.0E0	1.0E0	1.0E0	0.0E0	-1.0E0	0.010000000000000009E0	0.009999999999999787E0
hsa-miR-376a-5p	1.0E0	1.0E0	1.0E0	0.0E0	-1.0E0	0.009999999999999787E0	0.009999999999999787E0
hsa-miR-135b-5p	1.0E0	1.0E0	1.0E0	0.0E0	-1.0E0	0.010000000000005116E0	0.010000000000005116E0
hsa-miR-410-3p	1.0E0	1.0E0	1.0E0	0.0E0	-1.0E0	0.009999999999999787E0	0.009999999999999787E0
hsa-miR-1284	1.0E0	1.0E0	1.0E0	0.0E0	-1.0E0	0.009999999999999787E0	0.009999999999999787E0
hsa-miR-1185-5p	1.0E0	1.0E0	1.0E0	0.0E0	-1.0E0	0.009999999999999787E0	0.009999999999999787E0
hsa-miR-4458	1.0E0	1.0E0	1.0E0	0.0E0	-1.0E0	0.009999999999999787E0	0.009999999999999787E0
hsa-miR-411-3p	1.0E0	1.0E0	1.0E0	0.0E0	-1.0E0	0.009999999999999787E0	0.009999999999999787E0
hsa-miR-1278	1.0E0	1.0E0	1.0E0	0.0E0	-1.0E0	0.009999999999999787E0	0.00999999999999801E0
hsa-miR-12135	1.0E0	1.0E0	1.0E0	0.0E0	-1.0E0	0.009999999999990905E0	0.009999999999990905E0
hsa-miR-147b-3p	1.0E0	1.0E0	1.0E0	0.0E0	-1.0E0	0.009999999999999787E0	0.00999999999999801E0
hsa-miR-3689a-3p	1.0E0	1.0E0	1.0E0	0.0E0	-1.0E0	0.009999999999999787E0	0.009999999999999787E0
hsa-miR-1277-5p	1.0E0	1.0E0	1.0E0	0.0E0	-1.0E0	0.009999999999999787E0	0.010000000000005116E0
hsa-miR-3688-3p	1.0E0	1.0E0	1.0E0	0.0E0	-1.0E0	0.010000000000000231E0	0.009999999999999787E0
hsa-miR-1277-3p	1.0E0	1.0E0	1.000000000001421E0	2.0501929624400907E-12	1.000000000001421E0	0.010000000000005116E0	0.009999999999990905E0
hsa-miR-153-3p	1.0E0	1.0E0	1.0E0	0.0E0	-1.0E0	0.009999999999999787E0	0.010000000000005116E0
hsa-miR-3684	1.0E0	1.0E0	1.0E0	0.0E0	-1.0E0	0.010000000000000231E0	0.009999999999999787E0
hsa-miR-154-3p	1.0E0	1.0E0	1.0E0	0.0E0	-1.0E0	0.00999999999999801E0	0.00999999999999801E0
hsa-miR-3662	1.0E0	1.0E0	1.000000000001421E0	2.0501929624400907E-12	1.000000000001421E0	0.010000000000005116E0	0.009999999999990905E0
hsa-miR-181b-2-3p	1.0E0	1.0E0	1.0E0	0.0E0	-1.0E0	0.009999999999999787E0	0.009999999999990905E0
hsa-miR-412-5p	1.0E0	1.0E0	1.0E0	0.0E0	-1.0E0	0.010000000000005116E0	0.010000000000005116E0
hsa-miR-4775	1.0E0	1.0E0	1.0E0	0.0E0	-1.0E0	0.009999999999999787E0	0.009999999999999787E0
hsa-miR-652-5p	1.0E0	1.0E0	1.0E0	0.0E0	-1.0E0	0.009999999999999787E0	0.010000000000005116E0
hsa-miR-4791	1.0E0	1.0E0	1.0E0	0.0E0	-1.0E0	0.010000000000000231E0	0.009999999999999787E0
hsa-miR-5000-3p	1.0E0	1.0E0	1.0E0	0.0E0	-1.0E0	0.009999999999999787E0	0.00999999999999801E0
hsa-miR-573	1.0E0	1.0E0	1.0E0	0.0E0	-1.0E0	0.009999999999999787E0	0.00999999999999801E0
hsa-miR-5009-5p	1.0E0	1.0E0	1.0E0	0.0E0	-1.0E0	0.010000000000000231E0	0.009999999999999787E0
hsa-miR-5699-3p	1.0E0	1.0E0	1.0E0	0.0E0	-1.0E0	0.010000000000000009E0	0.009999999999999787E0
hsa-miR-5697	1.0E0	1.0E0	1.0E0	0.0E0	-1.0E0	0.010000000000000009E0	0.009999999999999787E0
hsa-miR-3143	1.0E0	1.0E0	1.0E0	0.0E0	-1.0E0	0.009999999999999787E0	0.00999999999999801E0
hsa-miR-3140-3p	1.0E0	1.0E0	1.0E0	0.0E0	-1.0E0	0.009999999999999787E0	0.009999999999999787E0
hsa-miR-5583-3p	1.0E0	1.0E0	1.0E0	0.0E0	-1.0E0	0.010000000000000231E0	0.009999999999999787E0
hsa-miR-556-3p	1.0E0	1.0E0	1.0E0	0.0E0	-1.0E0	0.010000000000000231E0	0.00999999999999801E0
hsa-miR-551b-3p	1.0E0	1.0E0	1.0E0	0.0E0	-1.0E0	0.009999999999999787E0	0.00999999999999801E0
hsa-miR-380-3p	1.0E0	1.0E0	1.0E0	0.0E0	-1.0E0	0.00999999999999801E0	0.00999999999999801E0
hsa-miR-3131	1.0E0	1.0E0	1.0E0	0.0E0	-1.0E0	0.010000000000000009E0	0.009999999999999787E0
hsa-miR-548u	1.0E0	1.0E0	1.0E0	0.0E0	-1.0E0	0.009999999999999787E0	0.009999999999999787E0
hsa-miR-576-3p	1.0E0	1.0E0	1.0E0	0.0E0	-1.0E0	0.009999999999999787E0	0.009999999999999787E0
hsa-miR-548o-3p	1.0E0	1.0E0	1.0E0	0.0E0	-1.0E0	0.009999999999999787E0	0.009999999999999787E0
hsa-miR-548l	1.0E0	1.0E0	1.0E0	0.0E0	-1.0E0	0.010000000000000231E0	0.009999999999999787E0
hsa-miR-101-5p	1.0E0	1.0E0	1.0E0	0.0E0	-1.0E0	0.010000000000000231E0	0.009999999999999787E0
hsa-miR-3129-5p	1.0E0	1.0E0	1.0E0	0.0E0	-1.0E0	0.010000000000000009E0	0.009999999999990905E0
hsa-miR-29b-2-5p	1.0E0	1.0E0	1.0E0	0.0E0	-1.0E0	0.010000000000000231E0	0.009999999999999787E0
hsa-miR-3129-3p	1.0E0	1.0E0	1.0E0	0.0E0	-1.0E0	0.010000000000000009E0	0.010000000000005116E0
hsa-miR-548e-3p	1.0E0	1.0E0	1.0E0	0.0E0	-1.0E0	0.00999999999999801E0	0.010000000000005116E0
hsa-miR-5187-5p	1.0E0	1.0E0	1.0E0	0.0E0	-1.0E0	0.010000000000000231E0	0.009999999999999787E0
hsa-miR-3115	1.0E0	1.0E0	1.0E0	0.0E0	-1.0E0	0.009999999999999787E0	0.009999999999999787E0
hsa-miR-548a-5p	1.0E0	1.0E0	1.0E0	0.0E0	-1.0E0	0.009999999999999787E0	0.00999999999999801E0
hsa-miR-1257	1.0E0	1.0E0	1.0E0	0.0E0	-1.0E0	0.009999999999999787E0	0.009999999999999787E0
hsa-miR-545-5p	1.0E0	1.0E0	1.0E0	0.0E0	-1.0E0	0.010000000000005116E0	0.010000000000005116E0
hsa-miR-545-3p	1.0E0	1.0E0	1.0E0	0.0E0	-1.0E0	0.009999999999999787E0	0.00999999999999801E0
hsa-miR-548n	1.0E0	1.0E0	1.0E0	0.0E0	-1.0E0	0.00999999999999801E0	0.010000000000005116E0
hsa-miR-196a-3p	1.0E0	1.0E0	1.0E0	0.0E0	-1.0E0	0.010000000000000231E0	0.009999999999999787E0
hsa-miR-26b-3p	1.0E0	1.0E0	1.0E0	0.0E0	-1.0E0	0.009999999999999787E0	0.00999999999999801E0
hsa-miR-499a-5p	1.0E0	1.0E0	1.0E0	0.0E0	-1.0E0	0.009999999999999787E0	0.00999999999999801E0
hsa-miR-3065-3p	1.0E0	1.0E0	1.0E0	0.0E0	-1.0E0	0.009999999999999787E0	0.009999999999990905E0
hsa-miR-4798-5p	1.0E0	1.0E0	1.0E0	0.0E0	-1.0E0	0.00999999999999801E0	0.00999999999999801E0
hsa-miR-19a-5p	1.0E0	1.0E0	1.0E0	0.0E0	-1.0E0	0.009999999999999787E0	0.009999999999999787E0
hsa-miR-6505-5p	1.0E0	1.0E0	1.0E0	0.0E0	-1.0E0	0.009999999999999787E0	0.009999999999999787E0
hsa-miR-643	1.0E0	1.0E0	1.0E0	0.0E0	-1.0E0	0.009999999999999787E0	0.009999999999999787E0
hsa-miR-1262	1.0E0	1.0E0	1.0E0	0.0E0	-1.0E0	0.009999999999999787E0	0.009999999999999787E0
hsa-miR-1247-3p	1.0E0	1.0E0	1.0E0	0.0E0	-1.0E0	0.009999999999999787E0	0.009999999999999787E0
hsa-miR-106a-3p	1.0E0	1.0E0	0.9999999999980682E0	-2.78698105832167E-12	-1.0000000000019318E0	0.010000000000000009E0	0.010000000000019327E0
hsa-miR-200c-5p	1.0E0	1.0E0	1.0E0	0.0E0	-1.0E0	0.009999999999999787E0	0.009999999999999787E0
hsa-miR-204-5p	1.0E0	1.0E0	1.0E0	0.0E0	-1.0E0	0.010000000000000009E0	0.009999999999999787E0
hsa-miR-2116-5p	1.0E0	1.0E0	1.0E0	0.0E0	-1.0E0	0.010000000000000231E0	0.009999999999999787E0
hsa-miR-212-3p	1.0E0	1.0E0	1.0E0	0.0E0	-1.0E0	0.010000000000000009E0	0.009999999999999787E0
hsa-miR-219b-3p	1.0E0	1.0E0	1.0E0	0.0E0	-1.0E0	0.009999999999999787E0	0.009999999999999787E0
hsa-miR-579-3p	1.0E0	1.0E0	1.0E0	0.0E0	-1.0E0	0.00999999999999801E0	0.010000000000005116E0
hsa-miR-22-5p	1.0E0	1.0E0	1.0E0	0.0E0	-1.0E0	0.010000000000005116E0	0.010000000000005116E0
hsa-miR-488-3p	1.0E0	1.0E0	1.0E0	0.0E0	-1.0E0	0.010000000000000231E0	0.009999999999999787E0
hsa-miR-491-3p	1.0E0	1.0E0	1.0E0	0.0E0	-1.0E0	0.009999999999999787E0	0.00999999999999801E0
hsa-miR-10523-5p	1.0E0	1.0E0	1.0E0	0.0E0	-1.0E0	0.009999999999999787E0	0.009999999999999787E0
hsa-miR-103a-2-5p	1.0E0	1.0E0	1.0E0	0.0E0	-1.0E0	0.010000000000000231E0	0.009999999999999787E0
hsa-miR-597-5p	1.0E0	1.0E0	1.0E0	0.0E0	-1.0E0	0.010000000000000231E0	0.009999999999999787E0
hsa-miR-2278	1.0E0	1.0E0	1.0E0	0.0E0	-1.0E0	0.010000000000000231E0	0.009999999999999787E0
hsa-miR-496	1.0E0	1.0E0	1.0E0	0.0E0	-1.0E0	0.00999999999999801E0	0.00999999999999801E0
hsa-miR-101-2-5p	1.0E0	1.0E0	1.0E0	0.0E0	-1.0E0	0.009999999999999787E0	0.009999999999999787E0
hsa-miR-3163	1.0E0	1.0E0	1.0E0	0.0E0	-1.0E0	0.009999999999999787E0	0.009999999999999787E0
hsa-miR-582-5p	1.0E0	1.0E0	1.000000000001421E0	2.0501929624400907E-12	1.000000000001421E0	0.010000000000005116E0	0.009999999999990905E0
hsa-miR-2682-3p	1.0E0	1.0E0	1.0E0	0.0E0	-1.0E0	0.01E0	0.009999999999999787E0
hsa-miR-580-3p	1.0E0	1.0E0	1.0E0	0.0E0	-1.0E0	0.00999999999999801E0	0.010000000000005116E0
hsa-miR-624-3p	1.0E0	1.0E0	1.0E0	0.0E0	-1.0E0	0.010000000000000231E0	0.009999999999999787E0
hsa-miR-379-3p	1.0E0	1.0E0	1.0E0	0.0E0	-1.0E0	0.010000000000005116E0	0.010000000000005116E0
