microRNA ID	P-value (CE CL1-5 vs. CE CL1-0)	FDR step up (CE CL1-5 vs. CE CL1-0)	Ratio (CE CL1-5 vs. CE CL1-0)	Log2(Ratio) (CE CL1-5 vs. CE CL1-0)	Fold change (CE CL1-5 vs. CE CL1-0)	LSMean(CE CL1-5) (CE CL1-5 vs. CE CL1-0)	LSMean(CE CL1-0) (CE CL1-5 vs. CE CL1-0)
hsa-miR-379-3p	1.4714286285600474E-9	2.889124493520648E-7	4984.309343868578E0	12.283177894560058E0	4984.309343868578E0	49.843093510375475E0	0.010000000000005116E0
hsa-miR-4798-5p	1.5135387982021527E-9	2.889124493520648E-7	2172.687139360278E0	11.085264730240048E0	2172.687139360278E0	21.726871421790722E0	0.00999999999999801E0
hsa-miR-412-5p	2.1001876494108568E-9	2.889124493520648E-7	4910.702656407678E0	12.261713754494618E0	4910.702656407678E0	49.10702663458441E0	0.010000000000005116E0
hsa-miR-651-5p	2.338623868387804E-9	2.889124493520648E-7	2.673304092785742E-5	-15.191016518561455E0	-37406.892941907725E0	0.00999999999998181E0	374.06893008355553E0
hsa-miR-127-5p	2.6941063647092164E-9	2.889124493520648E-7	4790.282781910499E0	12.225895108894528E0	4790.282781910499E0	47.90282788768278E0	0.010000000000005116E0
hsa-miR-380-3p	3.0771568017574775E-9	2.889124493520648E-7	2099.080451888886E0	11.035541746821847E0	2099.080451888886E0	20.990804545999655E0	0.00999999999999801E0
hsa-miR-154-3p	3.3372725172680756E-9	2.889124493520648E-7	2277.3557061890388E0	11.153143932076777E0	2277.3557061890388E0	22.773557091617217E0	0.00999999999999801E0
hsa-miR-410-3p	6.645501287984196E-9	4.5027372851110264E-7	578.8113072505716E0	9.176949295395202E0	578.8113072505716E0	5.788113078723179E0	0.009999999999999787E0
hsa-miR-4450	6.687233591749049E-9	4.5027372851110264E-7	2.4502632109017785E-4	-11.994775645559876E0	-4081.194198038694E0	0.010000000000010232E0	40.811942037730205E0
hsa-miR-18b-3p	7.68173689343257E-9	4.6551325574201377E-7	0.0010809661823022612E0	-9.853462895158426E0	-925.0983207172883E0	0.01000000000000135E0	9.250983217844107E0
hsa-let-7c-3p	1.1386141006641473E-8	6.272728590931575E-7	2.2980924863161625E-5	-15.40920361428363E0	-43514.3496597475E0	0.00999999999998181E0	435.14349738155613E0
hsa-miR-1262	3.400823719520761E-8	1.7174159783579843E-6	1261.291181206526E0	10.30068565881237E0	1261.291181206526E0	12.612911827272852E0	0.009999999999999787E0
hsa-miR-4783-3p	4.910665754447142E-8	2.289125728611514E-6	9.904217064599802E-4	-9.979669445995857E0	-1009.6709244936231E0	0.010000000000003126E0	10.096709256733973E0
hsa-miR-376a-5p	7.087977300949363E-8	3.0680816031252247E-6	1214.9187301705517E0	10.246644095199839E0	1214.9187301705517E0	12.149187316277137E0	0.009999999999999787E0
hsa-miR-496	3.519475030046098E-7	1.4218679121386236E-5	2874.3052277891843E0	11.488997557047506E0	2874.3052277891843E0	28.74305231654076E0	0.00999999999999801E0
hsa-miR-487b-3p	6.067534439968327E-7	2.298078669138004E-5	21330.699733388294E0	14.380643672247679E0	21330.699733388294E0	213.30699769275154E0	0.009999999999990905E0
hsa-miR-1271-5p	6.744933095778463E-7	2.4043702682598523E-5	16471.637908858887E0	14.007696400642736E0	16471.637908858887E0	164.71637935851774E0	0.009999999999990905E0
hsa-miR-3689a-5p	7.310744533737512E-7	2.4186321924066826E-5	97750.62955908362E0	16.576818373620007E0	97750.62955908362E0	977.5062974644593E0	0.009999999999763531E0
hsa-miR-134-5p	7.971235869477199E-7	2.4186321924066826E-5	107479.05290747836E0	16.7136959881009E0	107479.05290747836E0	1074.7905311520963E0	0.009999999999763531E0
hsa-miR-3689e	8.166816176737953E-7	2.4186321924066826E-5	94473.07916599835E0	16.527615660344978E0	94473.07916599835E0	944.7307934653427E0	0.009999999999763531E0
hsa-miR-3689f	8.381398686557811E-7	2.4186321924066826E-5	92503.95534384491E0	16.497227434183266E0	92503.95534384491E0	925.0395552449545E0	0.010000000000218279E0
hsa-miR-411-3p	8.996164786041121E-7	2.4780344819731453E-5	1199.1674224845733E0	10.227817380216639E0	1199.1674224845733E0	11.991674239202002E0	0.009999999999999787E0
hsa-miR-125b-2-3p	9.94421159968446E-7	2.538425205400451E-5	1.2841896225288066E-4	-12.926854134033496E0	-7787.011999293494E0	0.009999999999953388E0	77.87012011040045E0
hsa-miR-1185-5p	1.0847919154170398E-6	2.538425205400451E-5	582.6389501698184E0	9.186458340512344E0	582.6389501698184E0	5.826389507963252E0	0.009999999999999787E0
hsa-miR-1270	1.1455149288804126E-6	2.538425205400451E-5	5492.341606257261E0	12.423205644001184E0	5492.341606257261E0	54.923416142547666E0	0.010000000000019327E0
hsa-miR-651-3p	1.14668423524824E-6	2.538425205400451E-5	0.001589587041331026E0	-9.29713226808647E0	-629.0942074884174E0	0.009999999999998685E0	6.290942081729575E0
hsa-miR-3689b-5p	1.1618996190813298E-6	2.538425205400451E-5	99569.59383126665E0	16.60341762459279E0	99569.59383126665E0	995.6959402242546E0	0.009999999999763531E0
hsa-miR-370-3p	1.1728697318681952E-6	2.538425205400451E-5	11232.1782460574E0	13.45535011495045E0	11232.1782460574E0	112.3217826373791E0	0.009999999999990905E0
hsa-miR-3689a-3p	1.859670165815061E-6	3.886069380979059E-5	617.5284724537871E0	9.270361846505876E0	617.5284724537871E0	6.175284731238749E0	0.009999999999999787E0
hsa-miR-665	2.2679461957358284E-6	4.4077429930526494E-5	954.9407665216804E0	9.899267437587282E0	954.9407665216804E0	9.54940767627349E0	0.009999999999990905E0
hsa-let-7c-5p	2.2947827098739236E-6	4.4077429930526494E-5	0.009608717530590926E0	-6.701440396402332E0	-104.0721612240485E0	134.3919566425584E0	13986.461389891087E0
hsa-miR-495-5p	2.3983745068936602E-6	4.4077429930526494E-5	2836.028798609014E0	11.469656467239325E0	2836.028798609014E0	28.360288024140026E0	0.009999999999990905E0
hsa-miR-493-3p	2.4002560853257002E-6	4.4077429930526494E-5	39672.125967094995E0	15.275838090871877E0	39672.125967094995E0	396.72126037996657E0	0.009999999999990905E0
hsa-miR-431-5p	2.8019620754332482E-6	4.9940853462133776E-5	10502.003713336951E0	13.358376990441728E0	10502.003713336951E0	105.02003729748881E0	0.009999999999990905E0
hsa-miR-20b-3p	3.75232638291135E-6	6.348606756480885E-5	9.436012843866735E-4	-10.049534997240595E0	-1059.7696469330103E0	0.01000000000000135E0	10.597696481798017E0
hsa-miR-214-3p	3.771449558305476E-6	6.348606756480885E-5	2.3605356227364852E-4	-12.048598124797552E0	-4236.326664033714E0	0.009999999999967599E0	42.36326669994641E0
hsa-miR-495-3p	4.720999300799228E-6	7.732231287254951E-5	373.3018164574849E0	8.544198718474185E0	373.3018164574849E0	3.7330181683102737E0	0.010000000000005116E0
hsa-miR-338-3p	5.1850949141869254E-6	8.268861889466519E-5	0.0053082702536221835E0	-7.557542461874997E0	-188.3852841361334E0	1.7161996871374094E0	323.30676598173454E0
hsa-let-7f-1-3p	6.173942727226492E-6	9.593357160767319E-5	1059.6093333645317E0	10.049316741239359E0	1059.6093333645317E0	10.596093346100005E0	0.009999999999990905E0
hsa-miR-100-5p	6.584470648250188E-6	9.975473032099035E-5	9.497677497032289E0	3.2475747689008716E0	9.497677497032289E0	13715.792889292774E0	1444.120721972773E0
hsa-miR-493-5p	7.137722605932847E-6	1.0549902193159281E-4	34852.22204431117E0	15.088963019290595E0	34852.22204431117E0	348.52222105836324E0	0.009999999999990905E0
hsa-miR-99a-5p	7.931712126510478E-6	1.144432749682226E-4	0.0015515033982391726E0	-9.332117427874454E0	-644.5361325891499E0	9.43457838855295E0	6080.92667380967E0
hsa-miR-1286	8.214637985569565E-6	1.1576908416872458E-4	0.0647294056702075E0	-3.949434932318321E0	-15.448929117238322E0	1.3673044638619183E0	21.123389753651615E0
hsa-miR-30a-5p	1.0228225514253348E-5	1.3821034191462573E-4	0.0063819435971489095E0	-7.291788426354034E0	-156.69207738638482E0	42.35437338440022E0	6636.594757664833E0
hsa-miR-30a-3p	1.026314420158112E-5	1.3821034191462573E-4	0.011503372088898282E0	-6.441799356186332E0	-86.93103137688502E0	96.30647143583292E0	8372.020896498307E0
hsa-miR-136-5p	1.0561906574030245E-5	1.3914163877961583E-4	12383.091744839388E0	13.596083943541933E0	12383.091744839388E0	123.8309176453553E0	0.009999999999990905E0
hsa-miR-20b-5p	1.4078098763414247E-5	1.8151761384317095E-4	0.021847282676273803E0	-5.516402338572971E0	-45.77228275102616E0	1746.812126104294E0	79955.57860059563E0
hsa-miR-887-3p	2.2481695214287604E-5	2.83831402080381E-4	7.895071749304239E-4	-10.306760002394265E0	-1266.612934946571E0	0.010000000000004903E0	12.666129364752951E0
hsa-miR-299-3p	2.805004624914445E-5	3.469046536118681E-4	393.46170939981715E0	8.620079433266339E0	393.46170939981715E0	404.51619193986255E0	1.0280954458027054E0
hsa-let-7i-5p	3.4471428026144803E-5	4.17793707676875E-4	42.93634238631614E0	5.424127392607691E0	42.93634238631614E0	58203.110721851066E0	1355.5675087835698E0
hsa-miR-10b-5p	3.656107845205106E-5	4.3443163807731255E-4	0.01600359851611456E0	-5.9654598485601715E0	-62.485946457171266E0	42.048161950480335E0	2627.4191980948585E0
hsa-miR-708-5p	7.054910984332881E-5	8.221684724049473E-4	237.36934830496136E0	7.890989840409751E0	237.36934830496136E0	1009.9475181324374E0	4.254751190124352E0
hsa-miR-181a-2-3p	7.708112912792027E-5	8.813427217267865E-4	0.01381367495844898E0	-6.177759007831042E0	-72.39203202681132E0	22.309832580621276E0	1615.0541158570306E0
hsa-miR-4508	8.120711608332204E-5	9.113243027128363E-4	202.68184793572493E0	7.66307307746576E0	202.68184793572493E0	2.02681848117345E0	0.009999999999990905E0
hsa-miR-199b-3p	8.392651957315465E-5	9.158898639012715E-4	0.007437656436634858E0	-7.0709361767512755E0	-134.4509535388605E0	76.79339328129907E0	10324.944960701154E0
hsa-miR-199a-3p	8.463668709318681E-5	9.158898639012715E-4	0.007136058326149966E0	-7.130656877573233E0	-140.1333837667101E0	74.42767957685186E0	10429.802593714183E0
hsa-miR-411-5p	9.540678856512452E-5	0.001014324804745008E0	861.9818296753447E0	9.751513647820463E0	861.9818296753447E0	1250.6998340846694E0	1.450958465247595E0
hsa-miR-487a-5p	1.0142389943036117E-4	0.001059704880255153E0	380.957102296718E0	8.57348474185519E0	380.957102296718E0	3.8095710267904077E0	0.010000000000000231E0
hsa-miR-2682-3p	1.2612181658450556E-4	0.0012874595956158198E0	0.0017801242366738599E0	-9.133806352808273E0	-561.7585443746823E0	0.009999999999999573E0	5.61758544975262E0
hsa-let-7a-5p	1.2747124709067525E-4	0.0012874595956158198E0	5.1050052502170855E0	2.35191244483633E0	5.1050052502170855E0	46844.2881539575E0	9176.14886665772E0
hsa-miR-485-5p	1.3760311600814493E-4	0.0013551588649667132E0	578.8113072510847E0	9.176949295396481E0	578.8113072510847E0	5.788113078723171E0	0.009999999999990905E0
hsa-miR-556-3p	1.3864661654774954E-4	0.0013551588649667132E0	0.15157092035909162E0	-2.7219351031060874E0	-6.597571602988669E0	3.0735041509993355E0	20.27766371476175E0
hsa-miR-34a-5p	1.6521799990854184E-4	0.0015892398086440693E0	195.93401680579956E0	7.614224080574038E0	195.93401680579956E0	815.1846510626426E0	4.160505988830209E0
hsa-miR-3065-3p	1.937645720378689E-4	0.001834708291483571E0	0.0925254318188057E0	-3.434006226134981E0	-10.807839318797441E0	7.145417542585099E0	77.22652469701852E0
hsa-miR-30c-5p	2.839029658906771E-4	0.0026468491896884665E0	0.15133958742958098E0	-2.724138677604177E0	-6.607656443264091E0	507.5270401966375E0	3353.564318355421E0
hsa-miR-10b-3p	2.951246956644342E-4	0.0027097812965552596E0	0.0162236010575442E0	-5.945762108120822E0	-61.638596539267475E0	4.703150979656632E0	289.89562590007614E0
hsa-miR-192-3p	3.044305742568895E-4	0.002753506388054851E0	0.04304288373979344E0	-4.538081452546298E0	-23.232644124062098E0	2.4139901336884275E0	56.08337372477186E0
hsa-miR-363-3p	4.497346607943024E-4	0.0040079294770786365E0	0.023447583610864017E0	-5.4144169362130805E0	-42.64831790755052E0	298.2430324774516E0	12719.563670871672E0
hsa-miR-26a-5p	6.076632986576367E-4	0.005336868970819244E0	0.5110726106697813E0	-0.9683998181837288E0	-1.9566691290489227E0	3511.257820427001E0	6870.369782139909E0
hsa-miR-181b-2-3p	6.261729709969428E-4	0.005420868863202105E0	0.060299430251033785E0	-4.051711819123517E0	-16.583904621268886E0	4.70315097965659E0	77.99660730304362E0
hsa-miR-1278	6.560752604188605E-4	0.005599740955124359E0	0.22444392816922049E0	-2.1555730270083404E0	-4.455455793154919E0	4.779703838136756E0	21.29575916056453E0
hsa-miR-30c-2-3p	6.666141454652411E-4	0.00561066905766578E0	0.0119731878862328E0	-6.384048865785849E0	-83.51994552343372E0	8.34961628948678E0	697.3594981606327E0
hsa-let-7b-5p	8.404497493032427E-4	0.006976884220243357E0	9.918064581890265E0	3.3100586195507646E0	9.918064581890265E0	4237.780605520331E0	427.2789886462615E0
hsa-miR-664a-3p	9.174885824073532E-4	0.007513487580254811E0	0.20665319786437122E0	-2.2747164059517138E0	-4.839025044540134E0	1.0184092405864218E0	4.9281078221009755E0
hsa-miR-196a-3p	0.0010879354456460643E0	0.0087905184008202E0	0.32615824473193794E0	-1.6163559970007004E0	-3.0659963871889158E0	3.073504150999339E0	9.423352624757019E0
hsa-miR-98-3p	0.0012916049978285256E0	0.01029885037742219E0	4.254492322421234E0	2.088986989109206E0	4.254492322421234E0	41.89064887340431E0	9.846215644201948E0
hsa-miR-22-5p	0.0017457688788136813E0	0.013739427799494686E0	3.8994503842273835E0	1.9632707947883925E0	3.8994503842273835E0	47.98378810627777E0	12.305269555252444E0
hsa-miR-99b-5p	0.0017839366501320995E0	0.013859815512564771E0	1.9256519700653227E0	0.945346983331236E0	1.9256519700653227E0	4561.686203711648E0	2368.904804252932E0
hsa-miR-127-3p	0.001935261732171423E0	0.014845172274631424E0	3287.542133612319E0	11.682793668972433E0	3287.542133612319E0	2813.235411526444E0	0.8557260388897703E0
hsa-miR-155-5p	0.0024034942836962435E0	0.018206469198999046E0	53.50997147326375E0	5.741735854710736E0	53.50997147326375E0	448.90243815433064E0	8.389136183279788E0
hsa-let-7g-5p	0.002493066644718685E0	0.018651831934562015E0	4.995561621187182E0	2.320646880731251E0	4.995561621187182E0	9319.235766790523E0	1865.5031147517593E0
hsa-miR-2278	0.002605426474330469E0	0.019254737115173955E0	0.22322977593911705E0	-2.16339861819256E0	-4.479689126564982E0	2.0650949104129186E0	9.250983217844107E0
hsa-let-7f-5p	0.0027173803259111793E0	0.0198401503313515E0	2.956288606144177E0	1.5637871187155685E0	2.956288606144177E0	22068.02590174642E0	7464.773855922602E0
hsa-miR-221-3p	0.0027838321770771862E0	0.02000705988466696E0	3.687896451491852E0	1.8827981484417513E0	3.687896451491852E0	33059.348647221355E0	8964.283318356742E0
hsa-miR-3688-3p	0.0028062707759021308E0	0.02000705988466696E0	0.2156587951041447E0	-2.213177540909117E0	-4.636954405300678E0	2.724608927723841E0	12.633887373403573E0
hsa-let-7e-5p	0.0031154882768444276E0	0.021953324369392128E0	2.874994794220147E0	1.5235593437580295E0	2.874994794220147E0	12258.876754468012E0	4263.964852015339E0
hsa-let-7a-2-3p	0.0032934677515119833E0	0.022706920340605653E0	11.572346181944061E0	3.5326094815377918E0	11.572346181944061E0	245.53781696227702E0	21.217634954945424E0
hsa-miR-652-5p	0.003297374570913032E0	0.022706920340605653E0	0.31449382100211426E0	-1.6688964227658805E0	-3.179712710455056E0	9.549407676273523E0	30.36437297149572E0
hsa-miR-22-3p	0.003801203504550201E0	0.025882351952330584E0	3.3260971793114926E0	1.7338303207787054E0	3.3260971793114926E0	652.2786536902017E0	196.10931923908583E0
hsa-miR-561-5p	0.003937138995435846E0	0.02627614056583074E0	0.10109503934155817E0	-3.3062158878830132E0	-9.891682188494087E0	31.423792175139354E0	310.83416547406057E0
hsa-miR-3143	0.003945757081667652E0	0.02627614056583074E0	0.42007214238164475E0	-1.2512909800471017E0	-2.3805434807706867E0	4.741427408896682E0	11.287174109449662E0
hsa-miR-369-5p	0.004237766138137606E0	0.02791398130121075E0	500.8448855082129E0	8.968220051562653E0	500.8448855082129E0	303.1275656033083E0	0.6052324263579294E0
hsa-miR-548a-5p	0.004816173685525187E0	0.030995325288610345E0	2.2847704715803174E0	1.1920492391803135E0	2.2847704715803174E0	12.225740174757282E0	5.350970841545909E0
hsa-miR-4677-3p	0.00490890335391244E0	0.030995325288610345E0	0.4105313965353762E0	-1.2844355345315674E0	-2.435867289175356E0	8.813340800482445E0	21.468128567477436E0
hsa-miR-3912-3p	0.0049226682981090225E0	0.030995325288610345E0	3.440897197176805E0	1.7827847896806055E0	3.440897197176805E0	6.447627096034103E0	1.8738214846926438E0
hsa-miR-3129-3p	0.004937733953350425E0	0.030995325288610345E0	0.005853399716213624E0	-7.41650948405499E0	-170.84088708824208E0	0.3588952232755085E0	61.313978369349286E0
hsa-miR-194-3p	0.00496129794223631E0	0.030995325288610345E0	0.09019961591447943E0	-3.470734899525283E0	-11.086521709229068E0	1.6779232578973422E0	18.602332632656704E0
hsa-let-7b-3p	0.005088157859112733E0	0.0314635067614522E0	4.611855277668703E0	2.2053472412061628E0	4.611855277668703E0	4.741427408896669E0	1.0280954458027765E0
hsa-miR-98-5p	0.0056936341928646005E0	0.034851942635110586E0	9.892085404852773E0	3.3062746955128963E0	9.892085404852773E0	1029.3738388964666E0	104.06034687014574E0
hsa-miR-203a-3p	0.006486317545330664E0	0.03898973168584357E0	35.72389781211389E0	5.15881759548691E0	35.72389781211389E0	2119.8486199993204E0	59.33979068768895E0
hsa-miR-377-3p	0.006498288614307262E0	0.03898973168584357E0	163.794197399271E0	7.355740438502259E0	163.794197399271E0	70.90045091485524E0	0.43286301944493744E0
hsa-miR-378a-3p	0.006822733069282629E0	0.04027696640757789E0	0.322049680942462E0	-1.6346448322598657E0	-3.1051109787581557E0	348.19095527554646E0	1081.1715581372625E0
hsa-miR-299-5p	0.00684575501646951E0	0.04027696640757789E0	321.0251022973963E0	8.326542301901219E0	321.0251022973963E0	274.70953944091787E0	0.855726038889884E0
hsa-let-7d-5p	0.007775625786538809E0	0.04530797333310114E0	12.030751970127854E0	3.5886549144312343E0	12.030751970127854E0	648.5424134415475E0	53.907055417602805E0
hsa-miR-3129-5p	0.008124072439634972E0	0.0468875037944647E0	0.007149678178937518E0	-7.127905979847988E0	-139.8664352398314E0	0.6695140173109075E0	93.64253902250614E0
hsa-miR-544b	0.008474291673795513E0	0.04844736560679322E0	2.9548204202595576E0	1.5630704530174944E0	2.9548204202595576E0	7.804931559896023E0	2.6414233179633984E0
hsa-miR-455-3p	0.008716964380717946E0	0.049368975838458645E0	7.475853608385192E0	2.9022383186116243E0	7.475853608385192E0	229.1132973076394E0	30.647108575377047E0
hsa-miR-95-3p	0.008853687678690532E0	0.04967902530820799E0	0.0706287103926996E0	-3.823601435153671E0	-14.158548194352463E0	104.90961536988355E0	1485.3678459302798E0
hsa-miR-494-3p	0.009998952961694844E0	0.05559050912648693E0	167.3273940429106E0	7.386529845638529E0	167.3273940429106E0	101.27196478028321E0	0.6052324263578157E0
hsa-miR-137-3p	0.010187827957489282E0	0.05612567038398641E0	0.06881954373389945E0	-3.8610378625795554E0	-14.530756028645614E0	77.75911873253015E0	1129.8987838155406E0
hsa-miR-221-5p	0.010970462478242925E0	0.059892795151488404E0	7.171887973527862E0	2.842352953167517E0	7.171887973527862E0	31.074896951863934E0	4.3328753957431445E0
hsa-miR-181a-5p	0.01259917866941198E0	0.0681705560148541E0	0.011377791928317489E0	-6.457635586713374E0	-87.89051569058503E0	0.7077904465510423E0	62.20806739526322E0
hsa-miR-99a-3p	0.013664757060476868E0	0.07328179450131841E0	1.4006186823524866E-5	-16.12357623812411E0	-71397.01994552827E0	0.009999999999868123E0	713.9702007933654E0
hsa-miR-30e-3p	0.015004464655536707E0	0.0797605752741688E0	0.5980547115293707E0	-0.7416506231035431E0	-1.6720878219364879E0	1958.9346246838886E0	3275.5107301880116E0
hsa-miR-12135	0.015305441258636667E0	0.08065302089333756E0	0.2711706050227248E0	-1.8827272965251205E0	-3.6877153403710463E0	317.77235026065E0	1171.8539710602145E0
hsa-miR-181a-3p	0.0161177021879219E0	0.08420109936104028E0	4.078945059882928E-5	-14.581444399120114E0	-24516.142907516914E0	0.010000000000044196E0	245.16142949469838E0
hsa-miR-27a-5p	0.016439966301512607E0	0.08515059468988581E0	2.512669293132788E0	1.3292208023154732E0	2.512669293132788E0	442.5766227976951E0	176.13803135112585E0
hsa-miR-758-3p	0.016943174069445247E0	0.0865045246873347E0	9532.75237568415E0	13.218677105874763E0	9532.75237568415E0	95.327523904255E0	0.009999999999990905E0
hsa-miR-106a-3p	0.016986862108569027E0	0.0865045246873347E0	0.01201945679272002E0	-6.37848449340596E0	-83.19843544058355E0	1.7544761163774945E0	145.96966800946367E0
hsa-miR-183-3p	0.018371263712206272E0	0.09277488174664167E0	0.390988835817666E0	-1.354800681064292E0	-2.5576177844278414E0	9.085683165277795E0	23.23770485087628E0
hsa-miR-101-2-5p	0.018897634555542196E0	0.09464435157569066E0	2.218458762457818E0	1.1495577360517397E0	2.218458762457818E0	5.477494284687754E0	2.469053911050488E0
hsa-miR-889-3p	0.01948321057811667E0	0.09665024763990734E0	90903.74643718445E0	16.47205213331941E0	90903.74643718445E0	909.0374661237515E0	0.009999999999990905E0
hsa-miR-323a-3p	0.019617129471466342E0	0.09665024763990734E0	58185.49437571459E0	15.828371914116413E0	58185.49437571459E0	581.8549448346635E0	0.009999999999990905E0
hsa-miR-425-5p	0.02018080472054115E0	0.09862554565038659E0	0.4714102732901314E0	-1.0849448957748271E0	-2.121294457629577E0	331.13336576428765E0	702.4313736212177E0
hsa-miR-424-5p	0.02091152145323313E0	0.10061143496182197E0	1.912848614380342E0	0.9357227012193672E0	1.912848614380342E0	1261.4007567184894E0	659.4357478670379E0
hsa-miR-101-3p	0.020919209249487737E0	0.10061143496182197E0	0.515834030149627E0	-0.9550211424104066E0	-1.9386080435793114E0	887.4045724688768E0	1720.3296422895387E0
hsa-miR-342-3p	0.021719735693894415E0	0.10307425784016272E0	0.37128318259927656E0	-1.4294081255877942E0	-2.6933619589209705E0	122.91228334359357E0	331.0472682971408E0
hsa-miR-1257	0.021858579061882367E0	0.10307425784016272E0	3.080091643070804E0	1.6229732765814984E0	3.080091643070804E0	4.46908504410133E0	1.4509584652477105E0
hsa-miR-33a-3p	0.022110055868273096E0	0.10307425784016272E0	0.39607182137415514E0	-1.3361660308825747E0	-2.5247946105596215E0	33.708545660992705E0	85.10715442798838E0
hsa-miR-570-3p	0.022200625184385144E0	0.10307425784016272E0	0.5121541833345353E0	-0.9653498978531047E0	-1.9525370143209537E0	10.906712140135435E0	21.295759160564526E0
hsa-miR-376b-5p	0.022455564818582643E0	0.10307425784016272E0	4747.737973802991E0	12.213024599943859E0	4747.737973802991E0	47.47737980592714E0	0.010000000000005116E0
hsa-miR-432-5p	0.022737616814007586E0	0.10307425784016272E0	75562.3783862635E0	16.205380491970093E0	75562.3783862635E0	755.6237852781146E0	0.009999999999763531E0
hsa-miR-29c-3p	0.022800269359255953E0	0.10307425784016272E0	0.6031415421554127E0	-0.729431488776498E0	-1.6579856138351152E0	5569.382365921791E0	9233.95584143373E0
hsa-miR-369-3p	0.02284082900325331E0	0.10307425784016272E0	40091.240970216924E0	15.290999454405775E0	40091.240970216924E0	400.91241041938736E0	0.009999999999990905E0
hsa-miR-29b-2-5p	0.023047212928736318E0	0.10307425784016272E0	0.3287091993331215E0	-1.605116262300725E0	-3.0422026582425428E0	2.7628853569639134E0	8.40525717895424E0
hsa-miR-124-5p	0.023132176677000214E0	0.10307425784016272E0	0.21271444888073127E0	-2.233010061491976E0	-4.701138099747511E0	1.6779232578973458E0	7.888148958215508E0
hsa-miR-3657	0.024700391483940258E0	0.10798308129008655E0	0.05486490125803288E0	-4.187972681244928E0	-18.22658889509234E0	0.35889522327549694E0	6.541435694261597E0
hsa-miR-212-3p	0.024700391483940258E0	0.10798308129008655E0	0.05486490125803288E0	-4.187972681244928E0	-18.22658889509234E0	0.35889522327549694E0	6.541435694261597E0
hsa-miR-214-5p	0.024915057667466704E0	0.10798308129008655E0	7.617316482117E-5	-13.680357636798306E0	-13127.98283158744E0	0.00999999999998181E0	131.2798285258595E0
hsa-miR-192-5p	0.024946586436653657E0	0.10798308129008655E0	0.13910491970304423E0	-2.8457546505235825E0	-7.188818354769631E0	521.3592051197076E0	3747.95662444113E0
hsa-miR-204-5p	0.025147875184278582E0	0.10808235717498454E0	0.05634973907599546E0	-4.149447259672506E0	-17.746311099175827E0	0.3588952232754987E0	6.369066287348685E0
hsa-miR-708-3p	0.025803132169721684E0	0.10891667354190127E0	39.71170371740956E0	5.311492351794356E0	39.71170371740956E0	50.77494989248177E0	1.278589058334802E0
hsa-miR-125a-5p	0.025934107206317832E0	0.10891667354190127E0	1.5780796600192184E0	0.658170033116883E0	1.5780796600192184E0	16194.774573335286E0	10262.33021208219E0
hsa-miR-485-3p	0.026041533917623563E0	0.10891667354190127E0	25000.130893918842E0	14.609648028017341E0	25000.130893918842E0	250.00130936649322E0	0.009999999999990905E0
hsa-miR-1246	0.026060920236923572E0	0.10891667354190127E0	0.031318457229365784E0	-4.996843043632467E0	-31.93005302516463E0	0.35889522327533996E0	11.4595435163626E0
hsa-miR-425-3p	0.026525785199513513E0	0.11010017692400813E0	0.5252436004873744E0	-0.9289414155261625E0	-1.9038785033689098E0	240.7975748331504E0	458.44932643805157E0
hsa-miR-337-5p	0.02747658422553924E0	0.11327081660324338E0	52418.562482534806E0	15.677790169542467E0	52418.562482534806E0	524.1856257868305E0	0.009999999999990905E0
hsa-miR-3684	0.028840964721172348E0	0.1180920582502057E0	0.4183888466379129E0	-1.2570837019895182E0	-2.3901210752528304E0	3.733018168310263E0	8.922365399692975E0
hsa-miR-30e-5p	0.029545337103908276E0	0.12016425694609675E0	0.3174988090266864E0	-1.6551769147018216E0	-3.1496181137358157E0	614.5023974657153E0	1935.4478823670865E0
hsa-miR-337-3p	0.030988246965660906E0	0.12519251774127008E0	7372.9889019482835E0	12.848033870044096E0	7372.9889019482835E0	73.72988913029931E0	0.009999999999990905E0
hsa-miR-199a-5p	0.031243728072041364E0	0.12538873650104018E0	6.643707994802993E-4	-10.555723714392968E0	-1505.1835522907463E0	1.3290280346224996E0	2000.4311407187972E0
hsa-miR-3163	0.0316783821990616E0	0.12603139466752375E0	2.705881085523661E0	1.436098439057637E0	2.705881085523661E0	4.392532185621186E0	1.6233278721606212E0
hsa-miR-185-3p	0.03181980756457283E0	0.12603139466752375E0	0.04974435953646951E0	-4.329323240602782E0	-20.10278168858243E0	0.3588952232754963E0	7.214792326238552E0
hsa-miR-656-3p	0.03481309560592765E0	0.13699179179994908E0	1955.2539838510013E0	10.933140307766354E0	1955.2539838510013E0	19.55253986354275E0	0.010000000000005116E0
hsa-miR-370-5p	0.035822683639478096E0	0.1392346535070444E0	1625.9377116792841E0	10.667056274687162E0	1625.9377116792841E0	16.259377137102977E0	0.010000000000005116E0
hsa-miR-34c-5p	0.035842584071120336E0	0.1392346535070444E0	13337.913982765784E0	13.70324542972675E0	13337.913982765784E0	133.37914004185853E0	0.010000000000019327E0
hsa-miR-487a-3p	0.038193418405630265E0	0.1457914967903194E0	1420.4282209281214E0	10.472110213741463E0	1420.4282209281214E0	14.20428222669005E0	0.00999999999999801E0
hsa-miR-5009-5p	0.0386261491240541E0	0.1457914967903194E0	0.4152705073378476E0	-1.2678766802118537E0	-2.4080689149119845E0	3.0352277217592682E0	7.309037527532352E0
hsa-miR-450a-1-3p	0.03866850709420328E0	0.1457914967903194E0	1.9311819232474987E0	0.9494840769785394E0	1.9311819232474987E0	23.279965391967853E0	12.054775942720417E0
hsa-miR-335-3p	0.03869425874221398E0	0.1457914967903194E0	3.366012246278894E0	1.751040425513284E0	3.366012246278894E0	76.21483948258273E0	22.642472424518445E0
hsa-miR-138-1-3p	0.03873338446079443E0	0.1457914967903194E0	2.848089407888407E0	1.5099944364351339E0	2.848089407888407E0	13.544768209379171E0	4.755738415188063E0
hsa-miR-3131	0.03927448681507991E0	0.14691567290085447E0	0.5600650521311695E0	-0.8363336874735187E0	-1.7855068731655048E0	1.7161996871374183E0	3.0642863374083316E0
hsa-miR-5697	0.04038629848685656E0	0.15002736092589958E0	0.07830380289736646E0	-3.674773814724017E0	-12.770771827144966E0	0.35889522327549783E0	4.583369008275153E0
hsa-miR-27b-5p	0.040601464012949715E0	0.15002736092589958E0	3.3394766026455276E0	1.73962200631059E0	3.3394766026455276E0	27.232642135718578E0	8.154763566422218E0
hsa-miR-346	0.041789522093190014E0	0.15348151750589786E0	0.08626239798417329E0	-3.53512436807063E0	-11.592536532354128E0	0.35889522327549783E0	4.16050598883022E0
hsa-miR-1185-2-3p	0.04427112132629366E0	0.16161626219116842E0	1804.2129659866507E0	10.817153926381096E0	1804.2129659866507E0	18.04212968272054E0	0.010000000000005116E0
hsa-miR-582-5p	0.04495900903656773E0	0.16314466752191642E0	0.47920406960070594E0	-1.0612879347409925E0	-2.0867936301819063E0	32.857649497481425E0	68.56713368261191E0
hsa-miR-30b-5p	0.04538702194541535E0	0.1637174720173911E0	2.4013329967925348E0	1.2638354783329542E0	2.4013329967925348E0	2999.514609234756E0	1249.103982162188E0
hsa-miR-10a-5p	0.045712359031762115E0	0.16391532291862626E0	6.83152195690175E0	2.7722070243528956E0	6.83152195690175E0	1686.8214048778964E0	246.91736555517673E0
hsa-miR-191-5p	0.04690760708603288E0	0.16696460520886935E0	0.639678807732894E0	-0.6445804066608001E0	-1.5632845545471983E0	13336.442174384938E0	20848.65406540087E0
hsa-miR-135b-5p	0.04725802253373562E0	0.16696460520886935E0	16.674770301334735E0	4.059594982989413E0	16.674770301334735E0	42.4736100322351E0	2.547178116669599E0
hsa-miR-3611	0.047389293887665884E0	0.16696460520886935E0	0.4402117714879483E0	-1.183730370738714E0	-2.271633937956557E0	6.71996946082945E0	15.265310691366972E0
hsa-miR-4467	0.048107548580795544E0	0.1676121632604128E0	1.6538647291562667E0	0.7258412402189015E0	1.6538647291562667E0	3.384122945034765E0	2.046190891605555E0
hsa-miR-181b-3p	0.04812626469853437E0	0.1676121632604128E0	4.039296295768683E-4	-11.27360840316486E0	-2475.678748913612E0	0.009999999999974704E0	24.7567875217431E0
hsa-miR-3940-3p	0.048572394195146536E0	0.168199262184336E0	0.5281555943796441E0	-0.9209650854333545E0	-1.8933814403207645E0	2.065094910412917E0	3.910012376298198E0
hsa-miR-2355-3p	0.049522044036842586E0	0.17051340162685572E0	2.73317038695798E0	1.4505754008625846E0	2.73317038695798E0	16.72310164809869E0	6.118572674816662E0
hsa-miR-941	0.05131283618316128E0	0.17568123574573863E0	2.734112817850121E0	1.4510727741783633E0	2.734112817850121E0	39.682448246031186E0	14.513829853770972E0
hsa-miR-543	0.052069010279071536E0	0.17726865297256938E0	1222.5740160074365E0	10.255706094865724E0	1222.5740160074365E0	12.225740174757288E0	0.010000000000005116E0
hsa-miR-19b-3p	0.05393913310937627E0	0.18260957913006715E0	0.4723776624067614E0	-1.0819873500865245E0	-2.116950227716116E0	15970.352908136718E0	33808.44222986863E0
hsa-miR-580-3p	0.05479803588184738E0	0.18390864652101108E0	0.5776253349666496E0	-0.7917940738721654E0	-1.7312260031976214E0	17.693234459445037E0	30.630987579702428E0
hsa-miR-1250-5p	0.05492981026452641E0	0.18390864652101108E0	2.5852147608235003E-4	-11.917428245428855E0	-3868.150589088613E0	0.00999999999999602E0	38.681505944830846E0
hsa-miR-296-5p	0.05665666772863931E0	0.18864802551404078E0	3.399157520210095E0	1.7651772192965567E0	3.399157520210095E0	84.79292906773958E0	24.945277924330696E0
hsa-miR-431-3p	0.0584533994633794E0	0.19320426147085887E0	1719.1233497597714E0	10.747457348792926E0	1719.1233497597714E0	17.191233519209234E0	0.009999999999990905E0
hsa-miR-1294	0.0586626800505578E0	0.19320426147085887E0	0.5730555622588867E0	-0.8032530684545927E0	-1.7450314871007824E0	4.4308086148612595E0	7.731900546977286E0
hsa-miR-153-3p	0.05898965228248492E0	0.19323096909830195E0	0.4931857489117967E0	-1.0197969826391604E0	-2.027633609053947E0	11.762015663761565E0	23.849058272908813E0
hsa-miR-382-3p	0.05995521980137337E0	0.1953379741915713E0	1389.3663415675924E0	10.440211337169291E0	1389.3663415675924E0	13.893663432654645E0	0.009999999999999787E0
hsa-miR-744-3p	0.061406596240830696E0	0.19855592760099167E0	0.6087052710553912E0	-0.7161842360659706E0	-1.6428311821025805E0	15.289244325756632E0	25.11764733124361E0
hsa-miR-136-3p	0.06159820856268388E0	0.19855592760099167E0	68842.99070764467E0	16.07102215248489E0	68842.99070764467E0	688.4299083708806E0	0.009999999999990905E0
hsa-miR-34a-3p	0.062417753082474395E0	0.2001331130580925E0	842.6169138376812E0	9.718733065163187E0	842.6169138376812E0	8.426169147966878E0	0.010000000000005116E0
hsa-miR-624-3p	0.06480292005242147E0	0.20581289421970275E0	0.39604450586083173E0	-1.3362655313076301E0	-2.5249687477078537E0	3.694741739070192E0	9.329107423463217E0
hsa-miR-551b-3p	0.06486842045538486E0	0.20581289421970275E0	1.9645184743648496E0	0.9741757349888774E0	1.9645184743648496E0	11.527949728206288E0	5.868079062284641E0
hsa-miR-544a	0.06530556299948692E0	0.2061206832171306E0	551.5770708048774E0	9.107418674683808E0	551.5770708048774E0	5.515770713927822E0	0.00999999999999801E0
hsa-miR-873-5p	0.0664840709657948E0	0.2087530932915629E0	439.2532181108259E0	8.778909045696532E0	439.2532181108259E0	4.392532185621182E0	0.00999999999999801E0
hsa-miR-1197	0.06706687670684267E0	0.2094975633213745E0	15232.108905807467E0	13.894828078257174E0	15232.108905807467E0	152.32108930611113E0	0.010000000000019327E0
hsa-miR-128-3p	0.06839261543042897E0	0.2116488975068203E0	0.4214702791533319E0	-1.2464971947517558E0	-2.3726465410772124E0	1960.4552393967322E0	4651.467343370039E0
hsa-miR-26b-5p	0.06845409886359205E0	0.2116488975068203E0	0.6098796387356076E0	-0.7134035435769596E0	-1.6396677909647608E0	961.474746634246E0	1576.4991740138257E0
hsa-miR-376b-3p	0.06880844487232703E0	0.2116645563077674E0	1825.2130028262188E0	10.833849121361316E0	1825.2130028262188E0	790.067212535128E0	0.4328630194447669E0
hsa-miR-329-3p	0.0731946610759649E0	0.22402002329310466E0	7718.497217732277E0	12.914104268480507E0	7718.497217732277E0	77.18497229392908E0	0.009999999999990905E0
hsa-miR-628-3p	0.07682269596004346E0	0.23292678469087083E0	0.2660676022455646E0	-1.9101352437726267E0	-3.7584433112493696E0	7.570865624340726E0	28.454669272533344E0
hsa-miR-409-3p	0.07726515752013953E0	0.23292678469087083E0	881.1763805655842E0	9.78328701470732E0	881.1763805655842E0	1126.6624799442186E0	1.2785890583345463E0
hsa-miR-329-5p	0.07741739401225357E0	0.23292678469087083E0	512.859905600527E0	9.002420978379302E0	512.859905600527E0	5.128599061412256E0	0.010000000000005116E0
hsa-miR-1185-1-3p	0.07764226156362361E0	0.23292678469087083E0	329.81667513302966E0	8.365520531314107E0	329.81667513302966E0	142.76544200117175E0	0.43286301944493744E0
hsa-miR-188-3p	0.07901216610867517E0	0.23586883084658697E0	0.495041695297305E0	-1.0143780523914063E0	-2.0200318670115944E0	13.659597497099346E0	27.59282223796879E0
hsa-miR-5699-3p	0.08249282818943746E0	0.24358370864619208E0	0.17770762661924602E0	-2.4924224965277606E0	-5.627220502711381E0	1.0566856698264944E0	5.946203267903753E0
hsa-miR-3942-5p	0.08249282818943746E0	0.24358370864619208E0	0.17770762661924602E0	-2.4924224965277606E0	-5.627220502711381E0	1.0566856698264944E0	5.946203267903753E0
hsa-miR-1284	0.0828023828071214E0	0.24358370864619208E0	0.6863151675320287E0	-0.5430568563628787E0	-1.457056535113414E0	4.779703838136758E0	6.96429871370653E0
hsa-miR-1277-5p	0.08371743236396492E0	0.24508581648581035E0	0.5164913972363359E0	-0.953183775357215E0	-1.9361406702044652E0	11.953397809961926E0	23.143459649582482E0
hsa-miR-6720-5p	0.0848148917524088E0	0.24710492500942183E0	6.311531002999295E0	2.657990005607138E0	6.311531002999295E0	5.400941426207581E0	0.8557260388898698E0
hsa-miR-4746-5p	0.08602369280588652E0	0.2494275494754413E0	0.42741831891151666E0	-1.2262793524571773E0	-2.3396283120167767E0	3.733018168310265E0	8.733874997105373E0
hsa-miR-6505-5p	0.09145747840321279E0	0.2639201519635569E0	0.6181574124807785E0	-0.6939538307255134E0	-1.6177109257443303E0	4.043636962345689E0	6.541435694261597E0
hsa-miR-381-3p	0.09388488965397618E0	0.2696409627028889E0	489.012856860591E0	8.933728586005772E0	489.012856860591E0	2325.6172313250604E0	4.755738415188716E0
hsa-miR-323b-3p	0.09648110352610242E0	0.2757903242302739E0	269.9672666128932E0	8.07664068165048E0	269.9672666128932E0	163.39294396378102E0	0.6052324263578157E0
hsa-miR-410-5p	0.0975538171265524E0	0.27754747971216315E0	613.7008295351214E0	9.261391723332268E0	613.7008295351214E0	6.137008301998662E0	0.009999999999990905E0
hsa-miR-579-3p	0.09983678937122303E0	0.2827153942007531E0	0.627406071498551E0	-0.6725286044714386E0	-1.5938640785090163E0	19.905842446933093E0	31.727207231124318E0
hsa-miR-1296-5p	0.10575618619520318E0	0.2980848782990378E0	0.49810329854252844E0	-1.0054831300218308E0	-2.0076156952303723E0	53.915006901961306E0	108.24061407757085E0
hsa-miR-655-3p	0.10668172009376477E0	0.29809893297134155E0	131.6317367075387E0	7.0403635578033175E0	131.6317367075387E0	56.978511052960535E0	0.4328630194449232E0
hsa-miR-488-3p	0.10703521184272086E0	0.29809893297134155E0	0.476365923847967E0	-1.0698578791115678E0	-2.099226560796468E0	2.026818481172845E0	4.25475119012402E0
hsa-miR-6720-3p	0.10731660063036091E0	0.29809893297134155E0	404.36369582505944E0	8.65950966623361E0	404.36369582505944E0	4.043636962345673E0	0.009999999999990905E0
hsa-miR-4516	0.10772882231142542E0	0.29809893297134155E0	8.272423489735589E0	3.0483100433538324E0	8.272423489735589E0	40.12111840813395E0	4.84998361648195E0
hsa-miR-182-3p	0.10890179337350461E0	0.2999749399288354E0	0.6778968835209948E0	-0.560862256550618E0	-1.4751506081662487E0	14.553177449965558E0	21.468128567477436E0
hsa-miR-376a-3p	0.11059451846197978E0	0.3032591773210848E0	916.021521784759E0	9.839237684393222E0	916.021521784759E0	1487.0032695248235E0	1.623327872160644E0
hsa-miR-3621	0.11208681721360174E0	0.30550643826483154E0	9.970773966781952E0	3.317705496067791E0	9.970773966781952E0	4.315979327140894E0	0.4328630194449943E0
hsa-miR-654-3p	0.1129212406332071E0	0.30550643826483154E0	962.4422758028287E0	9.910556204848499E0	962.4422758028287E0	2376.3218679877277E0	2.469053911050196E0
hsa-miR-376c-3p	0.11292647222990473E0	0.30550643826483154E0	899.6929147812593E0	9.81328885130408E0	899.6929147812593E0	924.9701893701766E0	1.028095445802819E0
hsa-miR-548n	0.11362739171705609E0	0.30594872310102617E0	1.4816343785799462E0	0.567189479163935E0	1.4816343785799462E0	28.164498517824835E0	19.009074656426947E0
hsa-miR-29b-1-5p	0.114099688813254E0	0.30594872310102617E0	2.137714651946753E0	1.096069290993126E0	2.137714651946753E0	391.46277768193886E0	183.12209128342784E0
hsa-miR-23b-5p	0.11547505187873044E0	0.30827260545599405E0	2.866014063774734E0	1.5190456890446795E0	2.866014063774734E0	18.701643700031468E0	6.525314698586925E0
hsa-miR-99b-3p	0.11627610210064804E0	0.30904963979382766E0	1.875279623832856E0	0.9071057325893237E0	1.875279623832856E0	299.4722855732483E0	159.6947365797978E0
hsa-miR-409-5p	0.11780072927982112E0	0.3117346809762952E0	194.484484757453E0	7.603511256778977E0	194.484484757453E0	117.7083167034715E0	0.6052324263578441E0
hsa-miR-379-5p	0.12161830381127106E0	0.31993821875657463E0	784.9768715235275E0	9.616506336989344E0	784.9768715235275E0	2466.7195998852076E0	3.142410543027836E0
hsa-miR-486-5p	0.12210060174380863E0	0.31993821875657463E0	509.0322626811992E0	8.991613287598511E0	509.0322626811992E0	5.090322632172189E0	0.010000000000005116E0
hsa-miR-20a-5p	0.12248459859987676E0	0.31993821875657463E0	1.6163358046840788E0	0.692726958871659E0	1.6163358046840788E0	20232.090079871894E0	12517.256636646622E0
hsa-miR-148a-5p	0.12303005302549286E0	0.31998374306201144E0	3.161771609939213E0	1.660733158617097E0	3.161771609939213E0	23.356518250448033E0	7.3871617331514585E0
hsa-miR-3140-3p	0.12391434155797708E0	0.32079957367884054E0	1.9048393225013855E0	0.9296693082661305E0	1.9048393225013855E0	4.703150979656613E0	2.469053911050488E0
hsa-miR-193a-5p	0.12440247494146457E0	0.32079957367884054E0	2.3911315486985623E0	1.2576935024604277E0	2.3911315486985623E0	117.28727598183059E0	49.05095080544629E0
hsa-miR-125b-1-3p	0.12507375943573193E0	0.3211639755002269E0	2.6788488954733256E0	1.4216132060778583E0	2.6788488954733256E0	391.0373296001835E0	145.97214878221803E0
hsa-miR-449c-5p	0.12783242147149304E0	0.32686264730685566E0	0.21039653429029548E0	-2.248817154531786E0	-4.75293000131003E0	1.0566856698264935E0	5.022353023394776E0
hsa-miR-539-3p	0.1296031358023247E0	0.3299979004042385E0	604.3410250856134E0	9.239219071045483E0	604.3410250856134E0	365.76678535570795E0	0.6052324263578157E0
hsa-miR-4766-3p	0.13258449495803415E0	0.3361765855421284E0	0.5791279819126538E0	-0.7880458892160851E0	-1.7267340401984301E0	7.570865624340742E0	13.072871388523193E0
hsa-miR-324-5p	0.13503987755932048E0	0.34097569083728424E0	0.5219124648315003E0	-0.9381202366425807E0	-1.9160301149788603E0	75.67015475299206E0	144.9862953277646E0
hsa-miR-1292-5p	0.13796294016324182E0	0.346910961572301E0	2.8168239340384447E0	1.4940693906819993E0	2.8168239340384447E0	8.851617229722507E0	3.1424105430274523E0
hsa-miR-382-5p	0.14404659876583822E0	0.36071173079379326E0	764.9635633158789E0	9.579247220880141E0	764.9635633158789E0	1109.9303590438672E0	1.4509584652478225E0
hsa-miR-450a-2-3p	0.1457315809163457E0	0.3634293746308868E0	1.8653239972550395E0	0.8994262410090498E0	1.8653239972550395E0	11.413120440486068E0	6.118572674816663E0
hsa-miR-29a-3p	0.14789067339648992E0	0.3673022462224299E0	1.563535025795682E0	0.6448115384031733E0	1.563535025795682E0	109645.58337245074E0	70126.72025583588E0
hsa-miR-15b-5p	0.1504086944068477E0	0.3720313012675498E0	1.5510428702265509E0	0.633238562459434E0	1.5510428702265509E0	8238.669221801798E0	5311.696652193599E0
hsa-miR-5000-3p	0.15507061243620462E0	0.38200321600138215E0	0.6320439242680884E0	-0.6619032720518347E0	-1.582168519629403E0	8.579274864927163E0	13.573858613587237E0
hsa-miR-584-5p	0.1559938951826261E0	0.3827218642942163E0	136.32077352348932E0	7.09086161674319E0	136.32077352348932E0	221.2933113988479E0	1.623327872160587E0
hsa-miR-125a-3p	0.15693910756167712E0	0.3834883031547433E0	1.9503551491943325E0	0.9637368549125859E0	1.9503551491943325E0	115.15562821293759E0	59.0434148608864E0
hsa-miR-487b-5p	0.15882325674472228E0	0.3849424063990924E0	1319.587297010417E0	10.36587107965977E0	1319.587297010417E0	13.195872986103609E0	0.009999999999990905E0
hsa-miR-9901	0.15961218901809607E0	0.3849424063990924E0	3.8763377376633823E0	1.9546942754033536E0	3.8763377376633823E0	1.6779232578971914E0	0.4328630194449232E0
hsa-miR-125b-5p	0.1598942254222875E0	0.3849424063990924E0	0.7502279138319796E0	-0.41459915233882894E0	-1.3329282762783992E0	46180.088810951616E0	61554.74618015242E0
hsa-miR-625-5p	0.1600750600867513E0	0.3849424063990924E0	2.1964972361383324E0	1.135204684082607E0	2.1964972361383324E0	42.167398598314506E0	19.19756505901455E0
hsa-miR-3200-3p	0.16165779395271146E0	0.38721194915155394E0	0.486665910085665E0	-1.0389963744580024E0	-2.0547977149744794E0	38.6740390054447E0	79.46732698688638E0
hsa-miR-148b-3p	0.1644494523793619E0	0.3923479060704461E0	0.6617867847422643E0	-0.5955616122081392E0	-1.5110606966705362E0	6600.620122114496E0	9973.937640875201E0
hsa-miR-146a-5p	0.16769810325828743E0	0.39852961009616544E0	1.8746779951847756E0	0.9066428117978526E0	1.8746779951847756E0	84.67369241990434E0	45.167059424822696E0
hsa-miR-185-5p	0.1727888061208162E0	0.4090025494235625E0	0.5457738650712979E0	-0.8736247835196888E0	-1.8322606925660754E0	775.9803346877225E0	1421.7982655979763E0
hsa-let-7a-3p	0.17372817884784936E0	0.4090025494235625E0	1.9415962412928094E0	0.9572432207125863E0	1.9415962412928094E0	126.31586799763875E0	65.05774233440928E0
hsa-miR-218-5p	0.1741297982694375E0	0.4090025494235625E0	0.00867448589363091E0	-6.849006027915014E0	-115.28060708868436E0	7.494312765860505E0	863.9489260535074E0
hsa-miR-4772-3p	0.17608147320678477E0	0.4119725814264718E0	30.66195364512972E0	4.938377717009517E0	30.66195364512972E0	13.272425844583779E0	0.43286301944493744E0
hsa-miR-573	0.17675391282323874E0	0.4119725814264718E0	0.7065234014786244E0	-0.501190748570136E0	-1.415381285187699E0	6.834798748549671E0	9.673846237289041E0
hsa-miR-3928-3p	0.17823436737619516E0	0.4138315196550738E0	3.1144604273082486E0	1.6389822414919695E0	3.1144604273082486E0	10.323750981304627E0	3.3147799499403447E0
hsa-miR-19b-1-5p	0.18098334276052083E0	0.4186103271483802E0	1.8283893158820805E0	0.8705732937499618E0	1.8283893158820805E0	60.15684449168015E0	32.90155108816532E0
hsa-miR-363-5p	0.18232941885356083E0	0.42012025789071433E0	0.01530112731083413E0	-6.030218242357634E0	-65.35466176351197E0	0.6695140173109075E0	43.75586217817005E0
hsa-miR-197-5p	0.19057658402667726E0	0.43663751718695404E0	0.01652257805661407E0	-5.919417378361934E0	-60.523242594075384E0	0.009999999999962483E0	0.6052324263578441E0
hsa-miR-660-5p	0.1915249850222364E0	0.43663751718695404E0	0.5822096183927634E0	-0.7803894211894492E0	-1.7175944340469342E0	1523.8404823835024E0	2617.339931156387E0
hsa-miR-3180	0.19339590170513468E0	0.43663751718695404E0	2.638201630169003E0	1.3995548298391376E0	2.638201630169003E0	6.719969460829475E0	2.5471781166696132E0
hsa-miR-23b-3p	0.19425634353620713E0	0.43663751718695404E0	1.8111328902899813E0	0.8568924066572232E0	1.8111328902899813E0	928.8212589065515E0	512.8399267624554E0
hsa-miR-223-3p	0.19477814128027404E0	0.43663751718695404E0	66.95140168358711E0	6.065042354780363E0	66.95140168358711E0	0.6695140173105756E0	0.009999999999990905E0
hsa-miR-4449	0.19516202509194516E0	0.43663751718695404E0	0.02310199660702677E0	-5.435838646766375E0	-43.286301916252434E0	0.010000000000161435E0	0.43286301944493744E0
hsa-miR-190a-3p	0.19520216358203E0	0.43663751718695404E0	1.8144477957944565E0	0.8595305490564887E0	1.8144477957944565E0	9.396301959313227E0	5.178601434632997E0
hsa-let-7e-3p	0.19526199200934743E0	0.43663751718695404E0	2.7419165543851807E0	1.4551846657901708E0	2.7419165543851807E0	51.43446390979267E0	18.758581043894935E0
hsa-miR-3195	0.19729829791093628E0	0.439569001963336E0	66.95140168497299E0	6.065042354810227E0	66.95140168497299E0	0.6695140173092113E0	0.009999999999763531E0
hsa-miR-31-5p	0.19960892996994806E0	0.4420082969497694E0	0.011685983075218153E0	-6.419077084829462E0	-85.57260382488892E0	0.009999999999976694E0	0.8557260388898698E0
hsa-miR-3651	0.20001140448145827E0	0.4420082969497694E0	0.009726723378259479E0	-6.683830395592182E0	-102.80954450037441E0	0.009999999999948272E0	1.0280954458027765E0
hsa-miR-6724-5p	0.20058132287324518E0	0.4420082969497694E0	0.005568867383944483E0	-7.488400347711074E0	-179.56972774806684E0	0.010000000000104592E0	1.7956972790734653E0
hsa-miR-219b-3p	0.2016340469964506E0	0.4427182336226415E0	1.8691829515008418E0	0.9024077837997517E0	1.8691829515008418E0	4.46908504410133E0	2.3909297054313763E0
hsa-miR-4458	0.20483342182455463E0	0.44811932716852027E0	0.5404915142562913E0	-0.8876561271336699E0	-1.850167807677769E0	4.043636962345689E0	7.481406934445264E0
hsa-miR-181b-5p	0.21414510233345999E0	0.4668055108420027E0	0.013843954160241138E0	-6.174600120166981E0	-72.23369771563746E0	0.6695140173112202E0	48.36147317779458E0
hsa-miR-92a-3p	0.21665308566528674E0	0.4692517636942499E0	0.811137274948427E0	-0.3019820014953931E0	-1.2328369449715908E0	4516.002966263135E0	5567.4953006072865E0
hsa-miR-92b-5p	0.2168159964263861E0	0.4692517636942499E0	2.7723617977736454E0	1.471115543836523E0	2.7723617977736454E0	1.6779232578972767E0	0.6052324263578441E0
hsa-miR-1307-5p	0.21928673912402555E0	0.4729101918475426E0	0.6230317976996295E0	-0.6826222988725944E0	-1.6050545151824034E0	595.0275957404223E0	955.0517292776069E0
hsa-miR-668-3p	0.22277993345240152E0	0.47873985699345856E0	35.88952230588906E0	5.165490815714484E0	35.88952230588906E0	0.35889522327556733E0	0.009999999999990905E0
hsa-miR-501-3p	0.2238675565302856E0	0.4793420073419492E0	0.5825038790980879E0	-0.7796604376750532E0	-1.7167267650617823E0	9.047406736037715E0	15.531925299573686E0
hsa-miR-548e-3p	0.22464212885332271E0	0.4793420073419492E0	0.5888987833497096E0	-0.7639084019312402E0	-1.69808467647345E0	16.10186406002784E0	27.342328625436764E0
hsa-miR-331-5p	0.22631305093991402E0	0.4801266251942601E0	2.2101828321506147E0	1.1441657180903668E0	2.2101828321506147E0	16.880614725173814E0	7.637655345683484E0
hsa-miR-16-2-3p	0.2265944138705584E0	0.4801266251942601E0	1.6696619398742638E0	0.7395560266285345E0	1.6696619398742638E0	138.80395053719138E0	83.13296674632723E0
hsa-miR-154-5p	0.23507633359727728E0	0.4946964957724146E0	248.8182249617418E0	7.958948350882187E0	248.8182249617418E0	255.8088841542267E0	1.028095445802819E0
hsa-miR-484	0.23510328511956335E0	0.4946964957724146E0	0.3661004500733999E0	-1.4496885476358818E0	-2.731490769267038E0	7.417759907380457E0	20.26154271908706E0
hsa-miR-30c-1-3p	0.24458688204246717E0	0.5128707630371457E0	0.594238128784657E0	-0.7508869174425362E0	-1.6828270546106021E0	119.26141067364864E0	200.69632847028163E0
hsa-miR-4443	0.24819293406171136E0	0.5175830926675253E0	0.5869810698169419E0	-0.7686141178239239E0	-1.7036324532780311E0	6.524179954514409E0	11.11480470253673E0
hsa-miR-27b-3p	0.24854237618193048E0	0.5175830926675253E0	1.8350992501601557E0	0.8758580924100067E0	1.8350992501601557E0	11941.92424431804E0	6507.508649492122E0
hsa-miR-182-5p	0.2500692554578822E0	0.5189793452310844E0	0.4245483751670122E0	-1.2359991438481446E0	-2.3554441813765323E0	3050.460498816682E0	7185.189433496253E0
hsa-miR-196b-5p	0.25385532910567826E0	0.5250386670240308E0	116.37166195804916E0	6.862595975426577E0	116.37166195804916E0	524.2828256340915E0	4.505244802655966E0
hsa-miR-23a-3p	0.25896846170235605E0	0.5335597672386607E0	0.6770827131790306E0	-0.5625960090868387E0	-1.4769244296679973E0	2484.0655334651947E0	3668.777071512616E0
hsa-miR-874-5p	0.2605847043818283E0	0.5335597672386607E0	0.34596472707576775E0	-1.5313031398777692E0	-2.8904680787905748E0	1.6779232578973335E0	4.849983616481865E0
hsa-miR-130a-3p	0.26061665198456035E0	0.5335597672386607E0	0.7658473752398957E0	-0.38487118697192657E0	-1.3057431967913422E0	10400.961961075529E0	13580.985321371743E0
hsa-miR-17-5p	0.2662147684729743E0	0.543185689207483E0	1.4902469714175266E0	0.5755514413675514E0	1.4902469714175266E0	2735.95768013808E0	1835.908901295271E0
hsa-miR-29b-3p	0.2680423451242578E0	0.5450793998164437E0	1.4546504767964932E0	0.5406725442203432E0	1.4546504767964932E0	23429.895227295194E0	16106.890005227164E0
hsa-miR-576-3p	0.26931913332482854E0	0.5458441297486492E0	1.5598369986728455E0	0.6413952768484431E0	1.5598369986728455E0	4.120189820825832E0	2.6414233179633984E0
hsa-miR-4492	0.28808002376823727E0	0.5819216480118392E0	1.341307121360739E0	0.4236396113911911E0	1.341307121360739E0	4.005360533105431E0	2.9861621317893423E0
hsa-miR-874-3p	0.2915129466004394E0	0.58657365107868E0	0.6128762803818227E0	-0.7063322243872904E0	-1.6316506805859718E0	5.362664996967524E0	8.749995992780072E0
hsa-miR-3934-3p	0.29294079424706954E0	0.58657365107868E0	8.624017297062933E0	3.108360071685257E0	8.624017297062933E0	3.7330181683102737E0	0.43286301944493744E0
hsa-miR-532-5p	0.29328682553934E0	0.58657365107868E0	0.6158369854926012E0	-0.6993795805666054E0	-1.6238063376464975E0	2414.230582940394E0	3920.2429214395415E0
hsa-let-7i-3p	0.30089418076791014E0	0.599808794557084E0	26.274371901326102E0	4.71558437132323E0	26.274371901326102E0	290.4054171282005E0	11.052801492592323E0
hsa-miR-6844	0.30222140527745117E0	0.6004792511414275E0	1.3982548805176265E0	0.4836273659653951E0	1.3982548805176265E0	4.043636962345688E0	2.8919169304954204E0
hsa-miR-1247-3p	0.3054792263662008E0	0.6049686639801232E0	1.2596340838735114E0	0.3330047003519282E0	1.2596340838735114E0	4.392532185621186E0	3.4871493568532648E0
hsa-miR-361-3p	0.3118061366739504E0	0.6154870320013484E0	0.6575989542816472E0	-0.6047200900494595E0	-1.520683683404557E0	91.68546595453972E0	139.42459209228173E0
hsa-miR-9-5p	0.3142887385667046E0	0.6183732973098148E0	0.6657691129489195E0	-0.586906153861058E0	-1.5020222184394487E0	5563.122423042146E0	8355.933483882056E0
hsa-miR-18a-3p	0.3159384405025535E0	0.6196074270050078E0	1.5209757520428213E0	0.6049971532685746E0	1.5209757520428213E0	57.40395913471616E0	37.741534704647165E0
hsa-miR-339-5p	0.3181864541617886E0	0.6220031974904642E0	1.3232615583856138E0	0.40409825563746116E0	1.3232615583856138E0	726.4578599713814E0	548.9903755862911E0
hsa-miR-19a-5p	0.31964729155446203E0	0.6228497063730032E0	1.5348275133106886E0	0.6180765320295724E0	1.5348275133106886E0	4.703150979656613E0	3.0642863374083316E0
hsa-miR-132-5p	0.32517088401718436E0	0.630148218437785E0	0.5481754669638563E0	-0.8672903316298671E0	-1.8242334074865385E0	168.84721616812453E0	308.0167325262638E0
hsa-miR-7977	0.32547259467166123E0	0.630148218437785E0	0.7187949113667575E0	-0.47634789941169714E0	-1.3912174170773457E0	54.81299421494259E0	76.25679223823988E0
hsa-miR-574-3p	0.32886361385451535E0	0.6311557886972735E0	1.7895060137149497E0	0.8395613920036167E0	1.7895060137149497E0	1051.5423646359668E0	587.6159993168526E0
hsa-miR-2277-5p	0.3288706710145683E0	0.6311557886972735E0	0.17808997663691595E0	-2.4893217747597243E0	-5.615139149794867E0	4.545637902581433E0	25.524389355013867E0
hsa-miR-331-3p	0.3291175399807565E0	0.6311557886972735E0	1.3640826521960154E0	0.447931062471101E0	1.3640826521960154E0	128.805225710037E0	94.42626185145156E0
hsa-miR-499a-5p	0.33754096893393376E0	0.6452675936087188E0	0.7629999508043225E0	-0.39024513084769064E0	-1.310616074019195E0	9.783473611828795E0	12.822377775991171E0
hsa-miR-375-3p	0.34446373102818667E0	0.6564308836574878E0	0.24820002844248246E0	-2.0104248140934438E0	-4.029008402115227E0	11.76201566376237E0	47.38925994626153E0
hsa-miR-1268b	0.34586282200651E0	0.6570309408650316E0	1.5274249705127037E0	0.6111015143629753E0	1.5274249705127037E0	3.771294597550323E0	2.46905391105048E0
hsa-miR-147b-3p	0.34871194792410753E0	0.6603732513812786E0	1.337652309681456E0	0.41970317107391153E0	1.337652309681456E0	12.961807050548348E0	9.68996723296373E0
hsa-miR-26a-1-3p	0.3501568695011543E0	0.6610438097124596E0	1.5198405708760971E0	0.6039199949387672E0	1.5198405708760971E0	108.08794880860302E0	71.11795202220185E0
hsa-miR-141-3p	0.35894986034409837E0	0.6733523406757069E0	0.3532177360283964E0	-1.5013703084191372E0	-2.8311149129827573E0	59.76526547905024E0	169.2023344058486E0
hsa-miR-1307-3p	0.3595195341466142E0	0.6733523406757069E0	0.6999342361536381E0	-0.514708718018433E0	-1.4287056531129538E0	55.54465373061885E0	79.35696078991782E0
hsa-miR-424-3p	0.3600101623414671E0	0.6733523406757069E0	1.7008541298748234E0	0.7662594166449319E0	1.7008541298748234E0	42.826912615625815E0	25.17965054118804E0
hsa-miR-222-3p	0.36248484380534773E0	0.6757117003723707E0	1.3041058569052575E0	0.3830609807912504E0	1.3041058569052575E0	306.52674289723836E0	235.04743979212344E0
hsa-miR-550a-3p	0.363501673797678E0	0.6757117003723707E0	4.451858249834094E0	2.1544076570291293E0	4.451858249834094E0	3.809571026790408E0	0.8557260388898662E0
hsa-miR-766-3p	0.3679286382532507E0	0.681849403001437E0	0.6352345141405253E0	-0.6546387944552285E0	-1.57422176808671E0	1.6779232578973549E0	2.641423317963394E0
hsa-miR-142-5p	0.3713545231320212E0	0.6852843097788577E0	0.5606381712760224E0	-0.8348581206991451E0	-1.783681617189893E0	2.76288535696375E0	4.928107822100969E0
hsa-miR-766-5p	0.37204379194264714E0	0.6852843097788577E0	0.5819430496274755E0	-0.7810501205169906E0	-1.718381206958549E0	2.37571370444833E0	4.082381783211119E0
hsa-miR-615-3p	0.37549457453834506E0	0.6895445823340519E0	2.0076959030991635E0	1.0055407671400105E0	2.0076959030991635E0	195.90051295821684E0	97.57479339015367E0
hsa-miR-3679-5p	0.38028786643998824E0	0.6962370001892232E0	0.18864453729682384E0	-2.4062577711978017E0	-5.300975126709045E0	1.0566856698265086E0	5.601464454077931E0
hsa-miR-1277-3p	0.3868098037765137E0	0.7060444008691785E0	0.7924873433703807E0	-0.3355402003956905E0	-1.2618498053824883E0	37.431563829302995E0	47.23301153502331E0
hsa-miR-1180-3p	0.3889912956861314E0	0.7078940696270138E0	1.4543519526346933E0	0.5403764431755529E0	1.4543519526346933E0	60.85904229834591E0	41.84615847920759E0
hsa-miR-365b-3p	0.3933005795716097E0	0.7135932671269326E0	1.4444922785889192E0	0.5305624921190407E0	1.4444922785889192E0	742.3803786857836E0	513.9386271866315E0
hsa-miR-548o-3p	0.3952311893729356E0	0.7149555246567134E0	1.2286129858082093E0	0.2970305370406297E0	1.2286129858082093E0	5.439217855447681E0	4.427120597036931E0
hsa-miR-627-5p	0.3969721985950044E0	0.7159677153231329E0	1.486634464606356E0	0.572049959476526E0	1.486634464606356E0	60.2760811395152E0	40.545327429523496E0
hsa-miR-545-5p	0.4043934840859211E0	0.7271882829556919E0	1.2542403988511293E0	0.3268138943845466E0	1.2542403988511293E0	34.05744088426824E0	27.153838222849167E0
hsa-miR-18b-5p	0.4120073549733199E0	0.738687742940331E0	0.023316249144203934E0	-5.4225204671149845E0	-42.88854497201943E0	17.69323445944494E0	758.8370822960437E0
hsa-miR-7-5p	0.4139039877338975E0	0.7398991639136929E0	1.6385328937585242E0	0.7124046354598346E0	1.6385328937585242E0	7726.9114364540255E0	4715.749964643932E0
hsa-miR-545-3p	0.4164345463600816E0	0.7408297647798843E0	0.7783045916592118E0	-0.3615932264646036E0	-1.2848440195735857E0	10.442987629139717E0	13.417610202349017E0
hsa-miR-27a-3p	0.4177540803968354E0	0.7408297647798843E0	0.8312558035586328E0	-0.26663558692177447E0	-1.2029991197883585E0	7815.018579957135E0	9401.460473111529E0
hsa-miR-569	0.4180920454698357E0	0.7408297647798843E0	0.05988715092561309E0	-4.06160969067366E0	-16.69807270080552E0	2.3757137044483425E0	39.66984017203858E0
hsa-miR-4662a-5p	0.4247097832233598E0	0.7495796870300878E0	11.232336383180693E0	3.4895861417571243E0	11.232336383180693E0	16.297653566343048E0	1.4509584652477159E0
hsa-miR-96-5p	0.42550398075635354E0	0.7495796870300878E0	0.5681102645967568E0	-0.8157571251078017E0	-1.7602216723012343E0	1834.8265148568657E0	3229.701396672395E0
hsa-miR-210-3p	0.4405144175609352E0	0.771305698114977E0	12.283611313289295E0	3.6186628622599106E0	12.283611313289295E0	2562.641883824133E0	208.62284041552175E0
hsa-miR-4791	0.44112776489852606E0	0.771305698114977E0	0.7980602933897075E0	-0.3254303488302264E0	-1.2530381579975207E0	3.733018168310262E0	4.6776142095689535E0
hsa-miR-3171	0.4416552429800281E0	0.771305698114977E0	1.9404933920922283E0	0.95642352036273E0	1.9404933920922283E0	3.1500570094794824E0	1.6233278721606215E0
hsa-miR-181d-5p	0.4498818665342862E0	0.7834149744821189E0	0.12086341468058981E0	-3.048550487575284E0	-8.273802313485323E0	3.384122945034779E0	27.99956426173903E0
hsa-miR-142-3p	0.4551813749433051E0	0.7884874845132166E0	1.4608527398633084E0	0.5468107557070724E0	1.4608527398633084E0	37.082668606027255E0	25.384261939450198E0
hsa-miR-3065-5p	0.45539706201258384E0	0.7884874845132166E0	0.06771370946378055E0	-3.88440823524967E0	-14.768058166048204E0	11.566226157446314E0	170.81070073250058E0
hsa-miR-1260a	0.45680470125479566E0	0.7886713645595617E0	0.7173830301987837E0	-0.4791844763519234E0	-1.3939554713510638E0	10.715329993935143E0	14.936692873215861E0
hsa-miR-6807-5p	0.46997614834216267E0	0.8064630165684621E0	0.24735044589913693E0	-2.015371594639285E0	-4.04284696704276E0	0.35889522327548207E0	1.4509584652477088E0
hsa-miR-3605-3p	0.470877068106516E0	0.8064630165684621E0	10.423204152223635E0	3.3817269333426974E0	10.423204152223635E0	30.14304056975758E0	2.8919169304954124E0
hsa-miR-126-3p	0.4711021581934581E0	0.8064630165684621E0	0.3590761170039547E0	-1.477638395729964E0	-2.784924846419085E0	8289.539510224182E0	23085.744551389012E0
hsa-miR-183-5p	0.4740225139969431E0	0.8078324169071548E0	0.5346347237266847E0	-0.903374553375522E0	-1.8704359362023382E0	1425.9289760111533E0	2667.1087994854925E0
hsa-miR-328-3p	0.47456821851311404E0	0.8078324169071548E0	1.6397722320950012E0	0.7134954353021652E0	1.6397722320950012E0	31.581305252214577E0	19.259568268959015E0
hsa-miR-107	0.4762939376455837E0	0.8084989529782177E0	0.7988012211467281E0	-0.3240915566210223E0	-1.2518759029492201E0	1147.6358595817824E0	1436.6976780253513E0
hsa-miR-671-5p	0.4797080655345494E0	0.8120197980836228E0	0.6211105177767121E0	-0.6870780965507763E0	-1.6100194271053994E0	72.41526845579239E0	116.58998904225535E0
hsa-miR-491-3p	0.481683537587333E0	0.8130925453424062E0	1.1431223630819238E0	0.19297984201509008E0	1.1431223630819238E0	13.5830446386192E0	11.882406535807506E0
hsa-miR-935	0.48312206774458905E0	0.8132554807033916E0	12.466725396854363E0	3.640010660767163E0	12.466725396854363E0	834.6947116688534E0	66.95380581045129E0
hsa-miR-501-5p	0.486500830602209E0	0.8144262293636442E0	0.08962840588229729E0	-3.4799001524607176E0	-11.157177126559967E0	0.3588952232754892E0	4.004257577592E0
hsa-miR-19a-3p	0.4865054373426389E0	0.8144262293636442E0	1.4472676390116745E0	0.5333317399556966E0	1.4472676390116745E0	9642.974836996407E0	6662.882922594404E0
hsa-miR-105-5p	0.4939623716091581E0	0.8246313972318178E0	1.3180886597410635E0	0.39844741485798013E0	1.3180886597410635E0	88.35402679885976E0	67.03193001607036E0
hsa-miR-365a-3p	0.49565505906520524E0	0.8247107664707307E0	1.4726564365969137E0	0.5584208960692499E0	1.4726564365969137E0	835.6516223998557E0	567.4450615761389E0
hsa-miR-1268a	0.4967317322802256E0	0.8247107664707307E0	0.5775705186445156E0	-0.7919309913237207E0	-1.7313903111725173E0	3.7330181683102523E0	6.463311488642489E0
hsa-miR-7974	0.5018198756925445E0	0.8308820892614261E0	0.8263725506494193E0	-0.2751357614245383E0	-1.2101079582255394E0	75.05332452503602E0	90.82262530195516E0
hsa-miR-28-3p	0.5096616190378098E0	0.8415665971033045E0	0.7804965434614687E0	-0.35753585184758624E0	-1.281235654888416E0	1131.2408016361546E0	1449.3860493814536E0
hsa-miR-140-3p	0.5111948959269401E0	0.8418046384014286E0	0.5715618733703409E0	-0.8070184117182941E0	-1.7495918580140397E0	157.45731780798246E0	275.4860412475989E0
hsa-miR-1291	0.5174446506285061E0	0.8496679063866643E0	0.01652257805668451E0	-5.919417378355783E0	-60.52324259381736E0	0.010000000000005116E0	0.6052324263578441E0
hsa-miR-92b-3p	0.5190539988277515E0	0.8496679063866643E0	0.5987665507111314E0	-0.739934465460065E0	-1.6700999727061232E0	150.12611075908217E0	250.72561350293552E0
hsa-miR-579-5p	0.5201762265172483E0	0.8496679063866643E0	0.2369304240694716E0	-2.0774646289562537E0	-4.220648335592329E0	5.205151919892412E0	21.96911579254148E0
hsa-miR-30b-3p	0.5229683990047533E0	0.8513486695033066E0	6.859492423399375E0	2.7781018263489856E0	6.859492423399375E0	48.95392091762409E0	7.136668120619433E0
hsa-miR-186-5p	0.524014940139824E0	0.8513486695033066E0	1.1370132915876783E0	0.18524911930979793E0	1.1370132915876783E0	2291.2503569265255E0	2015.1482606482414E0
hsa-miR-629-3p	0.5256897855129345E0	0.8517068363058369E0	0.14983596471840246E0	-2.7385441433647584E0	-6.6739651049691044E0	4.779703838136751E0	31.89957663803723E0
hsa-miR-103a-2-5p	0.529688728650622E0	0.8517068363058369E0	1.5598745752216345E0	0.6414300310231866E0	1.5598745752216345E0	3.4606758035149094E0	2.218560298518466E0
hsa-miR-675-5p	0.529688728650622E0	0.8517068363058369E0	1.5598745752216345E0	0.6414300310231866E0	1.5598745752216345E0	3.4606758035149094E0	2.218560298518466E0
hsa-miR-106a-5p	0.5298572232463705E0	0.8517068363058369E0	0.12216759773743459E0	-3.0330664020565723E0	-8.185476497206919E0	15.599863119792047E0	127.69231297203777E0
hsa-miR-181c-3p	0.5315333149800371E0	0.8521407113172023E0	0.16326867137615983E0	-2.614680107333282E0	-6.124873753005979E0	6.834798748549677E0	41.86227947488236E0
hsa-miR-130b-3p	0.5366218278473153E0	0.8580285690645727E0	1.1561839360499524E0	0.20937093288857583E0	1.1561839360499524E0	2336.874433032287E0	2021.1960745267197E0
hsa-miR-93-5p	0.5406094242956588E0	0.860275675090191E0	0.7988579593207957E0	-0.32398908685351296E0	-1.2517869895797484E0	33040.360796431334E0	41359.49377756205E0
hsa-let-7d-3p	0.5408884574778909E0	0.860275675090191E0	5.3096836046888845E0	2.408625895766539E0	5.3096836046888845E0	14.940349102481093E0	2.8137927248763503E0
hsa-miR-1305	0.5436151613327014E0	0.860275675090191E0	1.3533522894499275E0	0.43653743435225784E0	1.3533522894499275E0	7.919760847616239E0	5.851958066609953E0
hsa-miR-1255a	0.5437055834315894E0	0.860275675090191E0	5.702431554933155E0	2.5115772252811888E0	5.702431554933155E0	12.651188256512924E0	2.2185602985184616E0
hsa-miR-361-5p	0.5486819220494398E0	0.8636701395565906E0	0.7873485624487904E0	-0.3449256307064145E0	-1.2700855093833243E0	1653.1506931893855E0	2099.6427403316093E0
hsa-miR-3662	0.5509838771294067E0	0.8636701395565906E0	0.8640798985373433E0	-0.21076337521371316E0	-1.157300385870257E0	37.15922146450764E0	43.00438134057398E0
hsa-miR-21-5p	0.5519160989561305E0	0.8636701395565906E0	0.9088819387252794E0	-0.13783519043228012E0	-1.1002529122787004E0	131082.59960667018E0	144224.01196862862E0
hsa-miR-320c	0.5520849944770899E0	0.8636701395565906E0	0.7170367807008245E0	-0.4798809704180571E0	-1.3946285977444701E0	7.183693971825278E0	10.018585051114854E0
hsa-miR-3909	0.5529769210362329E0	0.8636701395565906E0	1.0470495749820043E0	0.06632975161684539E0	1.0470495749820043E0	3.7330181683102626E0	3.5652735624723766E0
hsa-miR-200c-5p	0.5561669837474521E0	0.8637640703462356E0	0.8802713054503107E0	-0.18397985442856912E0	-1.136013401559694E0	5.013769773692038E0	5.695709655371731E0
hsa-miR-4454	0.5571968119805651E0	0.8637640703462356E0	0.7189790902009444E0	-0.47597828097113304E0	-1.3908610328577347E0	8.306932500131694E0	11.553788717656374E0
hsa-miR-449a	0.5585090054930091E0	0.8637640703462356E0	0.20677178998541873E0	-2.27388872366523E0	-4.836249664765773E0	20.25033031009372E0	97.93565319965424E0
hsa-miR-193b-5p	0.5587384745473999E0	0.8637640703462356E0	1.3290850069512523E0	0.4104333809007629E0	1.3290850069512523E0	58.301946447697276E0	43.866228375138576E0
hsa-miR-200c-3p	0.5602356778942412E0	0.8638748620964636E0	0.6304105597477626E0	-0.6656363938999639E0	-1.5862678448789247E0	45.575390612473996E0	72.29477665199718E0
hsa-miR-3157-5p	0.5646696059889803E0	0.8666918600172362E0	1.3682081815668286E0	0.4522877621414996E0	1.3682081815668286E0	16.493443072658252E0	12.054775942720418E0
hsa-miR-103a-3p	0.5663391248676897E0	0.8666918600172362E0	0.8616962282523599E0	-0.21474872584262622E0	-1.160501772217501E0	9498.305535796619E0	11022.80040763236E0
hsa-miR-643	0.5668453124204026E0	0.8666918600172362E0	0.8257884321637453E0	-0.2761558858391098E0	-1.2109639237495522E0	4.354255756381116E0	5.272846635926797E0
hsa-miR-1287-5p	0.5677832812324138E0	0.8666918600172362E0	0.16644555765210714E0	-2.5868777286975613E0	-6.007970498618714E0	1.0184092405864253E0	6.118572674816663E0
hsa-miR-2116-5p	0.5744069813586572E0	0.8745995746315233E0	1.0786962717212445E0	0.10928870267032402E0	1.0786962717212445E0	3.035227721759266E0	2.8137927248763104E0
hsa-miR-100-3p	0.5784710851171332E0	0.8766323680282171E0	7.610548075956824E0	2.928000353596465E0	7.610548075956824E0	4804.330304325311E0	631.272577839236E0
hsa-miR-21-3p	0.5786352264212654E0	0.8766323680282171E0	1.2946790169264917E0	0.37259446232247284E0	1.2946790169264917E0	2861.075351092749E0	2209.8723417639285E0
hsa-miR-551a	0.5808297057021345E0	0.8777625976446223E0	0.081607511555893E0	-3.615154238733825E0	-12.253773959460824E0	17.889023965760195E0	219.2080561245649E0
hsa-miR-301a-3p	0.5841684035880447E0	0.8806120710804852E0	0.598339877564103E0	-0.7409628773787132E0	-1.6712909125681084E0	1593.8549827859506E0	2663.7953489125966E0
hsa-miR-455-5p	0.5915276987758196E0	0.8860598508003825E0	6.847355714128933E0	2.7755469611199493E0	6.847355714128933E0	1797.5671093894864E0	262.51989583312434E0
hsa-miR-26b-3p	0.5927746801965349E0	0.8860598508003825E0	0.9111268537302152E0	-0.13427616434321124E0	-1.097542011747247E0	10.055815976624144E0	11.03668049691764E0
hsa-miR-1301-3p	0.5940527978864034E0	0.8860598508003825E0	0.20527040881176564E0	-2.284402427194777E0	-4.871622781815604E0	10.791882852415192E0	52.57398237656922E0
hsa-miR-126-5p	0.5946637469744503E0	0.8860598508003825E0	0.3794738515276436E0	-1.3979276178661255E0	-2.6352276868994036E0	4684.192976531965E0	12343.915024556634E0
hsa-miR-25-5p	0.5950930021052074E0	0.8860598508003825E0	0.8400735026430396E0	-0.2514125321633737E0	-1.1903720291781608E0	85.06086407242037E0	101.25407337251454E0
hsa-miR-548j-5p	0.6006644828250616E0	0.8921634230195767E0	0.16987479049006401E0	-2.5574563231979015E0	-5.886688643530601E0	4.469085044101318E0	26.308112183959302E0
hsa-miR-378c	0.6074846159411857E0	0.8980897397489751E0	0.22195713381985824E0	-2.1716470164963257E0	-4.505374451319082E0	25.6412717363014E0	115.52353060942852E0
hsa-miR-548h-5p	0.6076184707872604E0	0.8980897397489751E0	1.4496426947424805E0	0.5356973512433277E0	1.4496426947424805E0	2.1033713396529983E0	1.4509584652477108E0
hsa-miR-205-5p	0.6112583140623791E0	0.9012713827781064E0	35.889522305186716E0	5.16549081568625E0	35.889522305186716E0	0.3588952232767042E0	0.010000000000218279E0
hsa-let-7g-3p	0.6169573313001501E0	0.9074663659414829E0	4.165248195612226E0	2.058402464356849E0	4.165248195612226E0	7.80493155989603E0	1.8738214846926482E0
hsa-miR-181c-5p	0.6198819417949175E0	0.9081758565035328E0	0.23504235589973477E0	-2.0890073332447665E0	-4.254552317483508E0	1.0184092405864327E0	4.33287539574313E0
hsa-miR-561-3p	0.6204369712746908E0	0.9081758565035328E0	0.12268134063673514E0	-3.027012257605711E0	-8.151198827872644E0	23.045899456412545E0	187.8517087029411E0
hsa-miR-151a-3p	0.6280195361863351E0	0.9170598528407689E0	1.1963593802453931E0	0.2586508328606316E0	1.1963593802453931E0	2213.985609693772E0	1850.6024579107789E0
hsa-miR-942-5p	0.6308147032339031E0	0.9189271878840031E0	0.8351736182387396E0	-0.2598519546238101E0	-1.1973558289698558E0	198.7123217332014E0	237.9293567226191E0
hsa-miR-629-5p	0.6334460740215616E0	0.9197050583118961E0	0.16927131761937877E0	-2.562590560129418E0	-5.907675405756494E0	45.92428583575014E0	271.3057740401738E0
hsa-miR-320d	0.6343840171194267E0	0.9197050583118961E0	0.1726478997625284E0	-2.534095310772024E0	-5.792135330782869E0	1.7161996871374186E0	9.94046084549575E0
hsa-miR-548u	0.6366675202999545E0	0.9208126904576908E0	1.5032753610213498E0	0.5881092977397685E0	1.5032753610213498E0	9.315341740718235E0	6.196696880435775E0
hsa-miR-10a-3p	0.645560439835613E0	0.931451491762813E0	5.080679710426171E0	2.34502151850594E0	5.080679710426171E0	200.3463759219734E0	39.43298678242684E0
hsa-miR-4787-3p	0.6493914008400384E0	0.9347534178362549E0	0.24946447806852406E0	-2.003093694005519E0	-4.0085867444635355E0	1.018409240586422E0	4.082381783211105E0
hsa-miR-24-3p	0.6537923591616202E0	0.9380564804262927E0	0.9101100220193301E0	-0.13588713350233045E0	-1.0987682541735164E0	2399.7050349308884E0	2636.7197118043496E0
hsa-miR-143-3p	0.6547819987134024E0	0.9380564804262927E0	0.5575501658462767E0	-0.8428264768291212E0	-1.7935605820906741E0	5.166875490652387E0	9.267104213518792E0
hsa-miR-194-5p	0.6615943675517209E0	0.9440566339321503E0	0.21342850201299707E0	-2.2281752431531103E0	-4.685409823750266E0	55.35327158441814E0	259.35276252599283E0
hsa-miR-3613-3p	0.6620859231372341E0	0.9440566339321503E0	3.9364050424050365E0	1.9768786766233253E0	3.9364050424050365E0	5.711560220243047E0	1.4509584652477159E0
hsa-miR-1226-3p	0.6725757174134749E0	0.9551505958617209E0	0.2758283257407989E0	-1.8581574752094896E0	-3.625443461306142E0	4.703150979656662E0	17.0510079704405E0
hsa-miR-767-3p	0.6739962766458886E0	0.9551505958617209E0	1.2172624529811444E0	0.2836402599105878E0	1.2172624529811444E0	20.565356464244005E0	16.894759559202285E0
hsa-miR-335-5p	0.6745948102785752E0	0.9551505958617209E0	3.7923034317775035E0	1.923074402529174E0	3.7923034317775035E0	1437.3467083437758E0	379.0167991242515E0
hsa-miR-128-1-5p	0.6792847382397166E0	0.9579114281774073E0	0.25031506847568613E0	-1.9981829538379294E0	-3.994965249553616E0	10.596093346100048E0	42.33102470859703E0
hsa-miR-1468-5p	0.6797061289047609E0	0.9579114281774073E0	0.21505152624637025E0	-2.2172457245894273E0	-4.650048374241094E0	2.413990133688422E0	11.225170899505244E0
hsa-miR-365a-5p	0.6825753341383076E0	0.959723091619059E0	3.780510644748661E0	1.9185811166923459E0	3.780510644748661E0	6.137008301998691E0	1.6233278721606297E0
hsa-miR-33a-5p	0.6850283896603574E0	0.9609426021624458E0	0.24829854995095155E0	-2.0098522586028933E0	-4.02740974603975E0	180.37838797667519E0	726.4576778831083E0
hsa-miR-450b-5p	0.6878347449920564E0	0.962650936409206E0	1.19083503198646E0	0.2519735685173835E0	1.19083503198646E0	141.63338875263543E0	118.93619598358305E0
hsa-miR-423-5p	0.6927895356775219E0	0.9648549118950571E0	1.1446701910536943E0	0.19493198061760314E0	1.1446701910536943E0	689.2158460197279E0	602.1086697204573E0
hsa-miR-628-5p	0.6953949085360766E0	0.9648549118950571E0	0.28326230246005607E0	-1.8197894793087093E0	-3.53029680022817E0	55.07652185950794E0	194.4364689297354E0
hsa-miR-152-3p	0.6960289264509448E0	0.9648549118950571E0	0.27923190925316854E0	-1.8404642798052013E0	-3.581252596361899E0	132.5871672963679E0	474.8281372266811E0
hsa-miR-101-5p	0.6982732421836807E0	0.9648549118950571E0	0.9776984305176831E0	-0.032538558021172954E0	-1.0228102744017993E0	2.4139901336884146E0	2.4690539110504877E0
hsa-miR-1-3p	0.7001410632190288E0	0.9648549118950571E0	2.978326125162411E0	1.574501736926686E0	2.978326125162411E0	57.36127534536129E0	19.259568268958972E0
hsa-miR-589-3p	0.7016023471994015E0	0.9648549118950571E0	0.8602125551440514E0	-0.21723490674375018E0	-1.1625033766596673E0	81.41439876259005E0	94.64451347263423E0
hsa-miR-642a-3p	0.70182050403084E0	0.9648549118950571E0	0.20528213901059614E0	-2.284319986592346E0	-4.871344408333463E0	6.332797808313899E0	30.849239200885066E0
hsa-miR-548ay-3p	0.7021468913295713E0	0.9648549118950571E0	0.29938021182294E0	-1.7399492283620168E0	-3.3402341253984478E0	15.327520754996701E0	51.19750789402026E0
hsa-miR-146b-5p	0.7060973327029095E0	0.9680881982306859E0	0.2938726614311555E0	-1.7667369415878793E0	-3.4028343947681794E0	14.6680067376858E0	49.912797840010796E0
hsa-miR-421	0.7104966756372205E0	0.9719209603524959E0	0.7993647360601246E0	-0.3230741651529462E0	-1.2509933887361082E0	601.6610123427719E0	752.6739487295456E0
hsa-miR-330-3p	0.7148180237753756E0	0.9756300054231478E0	0.26798327574996367E0	-1.8997851268366355E0	-3.7315761485542462E0	4.430808614861272E0	16.53389974970177E0
hsa-miR-671-3p	0.7192211445032533E0	0.9794337383572392E0	0.8005929886482358E0	-0.320859113794328E0	-1.2490741415165947E0	22.892793739452316E0	28.594796688096835E0
hsa-miR-7704	0.7233303384880101E0	0.9828210428783276E0	1.1890877697381546E0	0.2498552081807913E0	1.1890877697381546E0	3.3458465158264517E0	2.8137927248762935E0
hsa-miR-122-5p	0.7256679596546418E0	0.9837914620821319E0	3.6752784167391295E0	1.8778535438903363E0	3.6752784167391295E0	8.153826783171532E0	2.218560298518465E0
hsa-miR-340-5p	0.7285041425985993E0	0.9854319428900695E0	0.8847708327294577E0	-0.1766242682773939E0	-1.130236173038241E0	3167.9442446863177E0	3580.5251795868107E0
hsa-miR-450a-5p	0.7350601617278729E0	0.9920856525770401E0	1.0315524480379863E0	0.044817175175622136E0	1.0315524480379863E0	5.439217855447682E0	5.272846635926797E0
hsa-miR-200b-3p	0.7368581299827822E0	0.9923022817101468E0	1.8250391947109117E0	0.8679274477777854E0	1.8250391947109117E0	2.6480560692436867E0	1.4509584652477088E0
hsa-miR-423-3p	0.740048747818272E0	0.9943892265584763E0	1.189589938546003E0	0.25046435035840686E0	1.189589938546003E0	385.3872678895241E0	323.9664823907906E0
hsa-miR-30d-3p	0.7441653305379072E0	0.9944872680160536E0	3.319024452220378E0	1.7307592582101656E0	3.319024452220378E0	335.2333510530903E0	101.00357975998293E0
hsa-miR-6733-5p	0.7449188131698806E0	0.9944872680160536E0	1.152774221523188E0	0.2051099792647115E0	1.152774221523188E0	4.507361473341403E0	3.910012376298198E0
hsa-miR-503-3p	0.745044916962522E0	0.9944872680160536E0	3.0615336210623862E0	1.6142545265259343E0	3.0615336210623862E0	22.616044014542098E0	7.3871617331514585E0
hsa-miR-5699-5p	0.7482057010533434E0	0.9965113293150024E0	0.23049163559118743E0	-2.117213697855607E0	-4.3385522317766645E0	8.464445577206941E0	36.72343925884441E0
hsa-miR-500a-5p	0.7508523978166586E0	0.9971439654655216E0	0.3920337489793468E0	-1.3509502380231173E0	-2.5508007986646124E0	5.788113078723182E0	14.764323466302926E0
hsa-miR-597-5p	0.7519716043197086E0	0.9971439654655216E0	0.9138974875054724E0	-0.1298957485995027E0	-1.0942146287430428E0	2.4139901336884146E0	2.6414233179633992E0
hsa-miR-3180-5p	0.7540216264672039E0	0.9976792699544227E0	2.8823137472607496E0	1.5272273851242775E0	2.8823137472607496E0	5.400941426207623E0	1.8738214846926269E0
hsa-miR-5583-3p	0.7571643631939442E0	0.999654910883508E0	1.1696567349904312E0	0.22608519699821866E0	1.1696567349904312E0	2.6863324984837678E0	2.296684504137577E0
hsa-miR-212-5p	0.7592043842539345E0	1.0E0	0.40817153577302384E0	-1.292752516708127E0	-2.449950357528312E0	4.779703838136765E0	11.710037128894598E0
hsa-miR-93-3p	0.7636199885301764E0	1.0E0	0.8884643279211422E0	-0.1706142420598555E0	-1.125537591745335E0	73.93008599672953E0	83.21109095194629E0
hsa-miR-188-5p	0.7647052182059779E0	1.0E0	0.3873487934834219E0	-1.3682948489234328E0	-2.581652548874659E0	43.28622976650629E0	111.75000542577348E0
hsa-miR-132-3p	0.7655630853446045E0	1.0E0	0.40246063570468976E0	-1.3130804134013816E0	-2.4847150535580873E0	274.46967633345446E0	681.9789366357713E0
hsa-miR-378d	0.7660429545982648E0	1.0E0	0.31487230945265005E0	-1.667161205536907E0	-3.175890575256756E0	4.7031509796565985E0	14.936692873215836E0
hsa-miR-196a-5p	0.7707711820482959E0	1.0E0	0.807395994660269E0	-0.30865166499004404E0	-1.2385496170572083E0	3268.9614631495515E0	4048.770968504926E0
hsa-miR-33b-3p	0.7733754884460844E0	1.0E0	1.0575059622357021E0	0.0806657973061062E0	1.0575059622357021E0	10.2471981228245E0	9.689967232963738E0
hsa-miR-195-3p	0.7762354283087589E0	1.0E0	2.5921250191789595E0	1.3741353016329951E0	2.5921250191789595E0	18.70164370003144E0	7.214792326238552E0
hsa-miR-23a-5p	0.779182385833601E0	1.0E0	2.779816186727805E0	1.4749894889690411E0	2.779816186727805E0	8.038997495451298E0	2.8919169304954124E0
hsa-miR-138-5p	0.7828139413306189E0	1.0E0	2.369933155758598E0	1.2448463683152804E0	2.369933155758598E0	373.1112144849527E0	157.43533252150098E0
hsa-miR-503-5p	0.7832174828880644E0	1.0E0	2.785994705338145E0	1.478192516162547E0	2.785994705338145E0	517.7259618902224E0	185.83163880701022E0
hsa-miR-296-3p	0.7835629920622088E0	1.0E0	2.388800468461734E0	1.2562863535084652E0	2.388800468461734E0	161.88253378295872E0	67.76728985799195E0
hsa-miR-190b-5p	0.784718306118498E0	1.0E0	0.3881951206473921E0	-1.365146110432E0	-2.57602413531706E0	32.3512411971308E0	83.33757814458953E0
hsa-miR-106b-3p	0.7864372683471701E0	1.0E0	0.9146054319027795E0	-0.12877860745478453E0	-1.0933676590128734E0	378.0560608406249E0	413.35427022317344E0
hsa-miR-1296-3p	0.7885433526542562E0	1.0E0	0.3736295814704593E0	-1.420319412454217E0	-2.6764476090581284E0	1.367304463861929E0	3.659518763766176E0
hsa-miR-326	0.791341408238499E0	1.0E0	0.4033607632296145E0	-1.3098573417425468E0	-2.479170239547436E0	1.7161996871373972E0	4.254751190124011E0
hsa-miR-151a-5p	0.7938687190443274E0	1.0E0	1.1358179049109396E0	0.1837315595436792E0	1.1358179049109396E0	126.5882103624341E0	111.45114882621743E0
hsa-miR-30d-5p	0.7943638029315101E0	1.0E0	1.1989937244095978E0	0.26182410763716935E0	1.1989937244095978E0	528.9038311153831E0	441.1231020909752E0
hsa-miR-224-5p	0.7975072543524567E0	1.0E0	1.1279341099547557E0	0.17368279289807056E0	1.1279341099547557E0	951.7497539836799E0	843.7990708539771E0
hsa-miR-301b-5p	0.7985284476707725E0	1.0E0	0.380062936014267E0	-1.3956897553903025E0	-2.6311431745674394E0	14.166005797449955E0	37.27278947093252E0
hsa-miR-320b	0.8001594500735331E0	1.0E0	0.4079555954758515E0	-1.2935159663992357E0	-2.4512471727065552E0	5.090322632172104E0	12.477638962165315E0
hsa-miR-676-3p	0.801767920902941E0	1.0E0	0.3417851904772565E0	-1.5488382083703804E0	-2.9258143063590207E0	14.591453879205606E0	42.69188451809754E0
hsa-miR-3136-5p	0.8021937389699372E0	1.0E0	0.47346481813916136E0	-1.0786708678883363E0	-2.112089350018144E0	6.834798748549673E0	14.435705648151796E0
hsa-miR-3180-3p	0.8034577546519182E0	1.0E0	2.139762115938855E0	1.0974504166116568E0	2.139762115938855E0	12.187463745517192E0	5.695709655371729E0
hsa-miR-199b-5p	0.8068851200492507E0	1.0E0	0.4622473322666439E0	-1.11326310135154E0	-2.1633440156300514E0	335.9149018709756E0	726.6994928182287E0
hsa-miR-105-3p	0.8072337058744965E0	1.0E0	0.8802893678125285E0	-0.1839502519493192E0	-1.1359900920818184E0	6.213561160478818E0	7.058543915000328E0
hsa-miR-642a-5p	0.8076213938348168E0	1.0E0	0.47535822738478584E0	-1.0729129644144801E0	-2.1036766429847336E0	35.266046991284696E0	74.18835935528489E0
hsa-miR-491-5p	0.8139901978142212E0	1.0E0	1.4835879237520408E0	0.5690904296171144E0	1.4835879237520408E0	8.426169147966903E0	5.67958865969706E0
hsa-miR-32-3p	0.8142139130051359E0	1.0E0	0.9169664926560804E0	-0.12505907836487323E0	-1.0905523898734895E0	126.97097465483482E0	138.46849985642336E0
hsa-miR-4676-3p	0.8143667980608104E0	1.0E0	2.183046806820218E0	1.126343063559793E0	2.183046806820218E0	5.013769773692051E0	2.2966845041375805E0
hsa-miR-3667-3p	0.8216269257714858E0	1.0E0	1.8183979514076185E0	0.8626679639407838E0	1.8183979514076185E0	6.796522319309606E0	3.7376429693852913E0
hsa-miR-4521	0.8275942641455615E0	1.0E0	0.49823499983861597E0	-1.0051017238103874E0	-2.00708501073572E0	7.145417542585143E0	14.341460446857994E0
hsa-miR-548a-3p	0.8307066333313253E0	1.0E0	1.7977386509861184E0	0.8461833020916106E0	1.7977386509861184E0	79.81862100305793E0	44.39945759155194E0
hsa-miR-454-3p	0.8311689018435567E0	1.0E0	0.4611089378652926E0	-1.1168204645117095E0	-2.1686849199443143E0	424.3442962485453E0	920.2690762589082E0
hsa-miR-33b-5p	0.8316317529206503E0	1.0E0	0.5598615658837899E0	-0.8368579514716986E0	-1.7861558301852951E0	8.502722006447023E0	15.187186485747862E0
hsa-miR-16-5p	0.8365070507460343E0	1.0E0	1.0476318494368535E0	0.0671318253644726E0	1.0476318494368535E0	88362.32764845077E0	84344.82752243063E0
hsa-miR-548e-5p	0.8409910351832391E0	1.0E0	0.5245170326989497E0	-0.9309384725303436E0	-1.906515780535114E0	21.841700709510988E0	41.64154708094539E0
hsa-miR-222-5p	0.8414869606662353E0	1.0E0	1.9833259384863224E0	0.9879217886091731E0	1.9833259384863224E0	52.51942600885923E0	26.480481590871932E0
hsa-miR-197-3p	0.8414966828348155E0	1.0E0	2.0235738575364035E0	1.016905506263055E0	2.0235738575364035E0	162.2358363663493E0	80.17292561021304E0
hsa-miR-148a-3p	0.8419426633899135E0	1.0E0	0.8785635044929165E0	-0.18678152372967663E0	-1.1382216480494183E0	9693.01460058271E0	11032.799053483543E0
hsa-miR-378a-5p	0.8437830233850646E0	1.0E0	0.49733492273167446E0	-1.0077103545111676E0	-2.0107174346562564E0	483.0498585094475E0	971.2767724277526E0
hsa-miR-301b-3p	0.8465024282203443E0	1.0E0	0.5224261296382603E0	-0.9367010384379448E0	-1.914146217556964E0	73.69161270105924E0	141.05652173287137E0
hsa-miR-29c-5p	0.8466041599311208E0	1.0E0	0.5894858499456966E0	-0.7624709118064665E0	-1.696393560748099E0	58.18270979986221E0	98.70077426017065E0
hsa-miR-149-5p	0.8477932809577048E0	1.0E0	1.9331997642794716E0	0.9509907239663895E0	1.9331997642794716E0	544.3067194490893E0	281.55741038555766E0
hsa-miR-193a-3p	0.8491194189664242E0	1.0E0	1.823192159052308E0	0.8664666251740114E0	1.823192159052308E0	13.46821535089899E0	7.3871617331514585E0
hsa-miR-625-3p	0.8508165739935245E0	1.0E0	1.8958665986067214E0	0.9228574535297137E0	1.8958665986067214E0	597.5403800651898E0	315.18060418374125E0
hsa-miR-92a-1-5p	0.8530329083701593E0	1.0E0	1.8097813804759728E0	0.8558154319203883E0	1.8097813804759728E0	11.838568522241758E0	6.541435694261736E0
hsa-miR-502-3p	0.8567176156396152E0	1.0E0	0.5435860271322439E0	-0.8794197227520811E0	-1.8396352188734966E0	25.956297890451623E0	47.75011975576203E0
hsa-miR-1306-5p	0.8567294821946521E0	1.0E0	0.8937117480115937E0	-0.16211850595230187E0	-1.1189290084021895E0	5.090322632172189E0	5.695709655371736E0
hsa-miR-17-3p	0.856765180947374E0	1.0E0	1.862177484062126E0	0.8969905826569453E0	1.862177484062126E0	117.7083167034715E0	63.210041845391345E0
hsa-miR-374b-3p	0.8572100643143186E0	1.0E0	0.911428516742353E0	-0.1337985846299624E0	-1.0971787492169118E0	419.65555262900347E0	460.4371543426331E0
hsa-miR-324-3p	0.8583552781770153E0	1.0E0	0.5115037515038741E0	-0.967183273770742E0	-1.9550198743604448E0	124.22690401810041E0	242.8660663131492E0
hsa-let-7f-2-3p	0.860346379343455E0	1.0E0	1.7322129967846769E0	0.7926163379813284E0	1.7322129967846769E0	163.1883397372361E0	94.20801023026894E0
hsa-miR-542-5p	0.8609064125626025E0	1.0E0	1.583551950456709E0	0.6631641976072516E0	1.583551950456709E0	45.50324511410919E0	28.734924103660415E0
hsa-miR-497-5p	0.8660048315645502E0	1.0E0	1.6500635767419152E0	0.7225216124003265E0	1.6500635767419152E0	91.53236023757944E0	55.47202030273932E0
hsa-miR-20a-3p	0.8686274377711152E0	1.0E0	1.6214394802387122E0	0.6972751766220235E0	1.6214394802387122E0	49.26013235154468E0	30.38049396717041E0
hsa-miR-18a-5p	0.8692552165769316E0	1.0E0	1.6603860459810533E0	0.7315187125790154E0	1.6603860459810533E0	1702.361397224631E0	1025.280476910421E0
hsa-miR-10523-5p	0.8721076196975095E0	1.0E0	0.9546524765401687E0	-0.06695245243876058E0	-1.0475016035407763E0	6.409350666794031E0	6.713805101174508E0
hsa-miR-1248	0.8769993477965365E0	1.0E0	0.5802114301271246E0	-0.7853493780738054E0	-1.7235096519572175E0	1.6779232578973442E0	2.8919169304954213E0
hsa-miR-15b-3p	0.8778647911300077E0	1.0E0	1.8055734140652258E0	0.8524570810201921E0	1.8055734140652258E0	3103.879744407073E0	1719.054855326547E0
hsa-miR-664a-5p	0.8795928027928994E0	1.0E0	0.5998564620091629E0	-0.7373107713688208E0	-1.6670654787156813E0	4.741427408896691E0	7.904269953890193E0
hsa-miR-3182	0.8804518821291288E0	1.0E0	0.8865486779377864E0	-0.17372824719102048E0	-1.1279696477875467E0	55.66389037845329E0	62.787178825945375E0
hsa-miR-769-5p	0.8808186931310846E0	1.0E0	0.5680464586680408E0	-0.8159191670077435E0	-1.7604193895421982E0	740.0383295184374E0	1302.7778244130996E0
hsa-miR-191-3p	0.8823650430852256E0	1.0E0	0.6034291508365621E0	-0.7287437020959833E0	-1.6571953784692919E0	240.3382576822696E0	398.28744993439386E0
hsa-miR-362-3p	0.8871468393060714E0	1.0E0	0.5300298812298797E0	-0.9158543988210371E0	-1.886686082074473E0	51.11943775564246E0	96.44633174738246E0
hsa-miR-548l	0.8874743080019782E0	1.0E0	0.8773763732783444E0	-0.18873223810066675E0	-1.1397617151046233E0	3.733018168310263E0	4.25475119012402E0
hsa-miR-16-1-3p	0.8880600399683082E0	1.0E0	0.6131034188038749E0	-0.705797645423125E0	-1.631046197639764E0	85.67328694026125E0	139.73708891475817E0
hsa-miR-190a-5p	0.8888195997576163E0	1.0E0	0.6393996163884403E0	-0.6452102163220426E0	-1.5639671566404132E0	51.39178012043776E0	80.37505623572065E0
hsa-miR-497-3p	0.8888547094483527E0	1.0E0	1.7855737821342894E0	0.8363877491129972E0	1.7855737821342894E0	3.3458465157947E0	1.8738214846926435E0
hsa-miR-505-3p	0.8893582742087645E0	1.0E0	0.6939364018001629E0	-0.5271246467983616E0	-1.441054248495781E0	13.31070227382386E0	19.18144406333986E0
hsa-miR-28-5p	0.8893834859225574E0	1.0E0	0.5598469709019415E0	-0.8368955614518747E0	-1.7862023945381895E0	17.578405171724793E0	31.398589412973188E0
hsa-miR-301a-5p	0.8894089877107519E0	1.0E0	0.612821859190679E0	-0.7064603361631007E0	-1.6317955781157127E0	239.6655215846141E0	391.0851383809096E0
hsa-miR-106b-5p	0.8935267313895585E0	1.0E0	0.6645239023624949E0	-0.5896070019327108E0	-1.504836765757907E0	155.16374960189972E0	233.49611512990748E0
hsa-miR-340-3p	0.8956984120186242E0	1.0E0	0.6537315518371816E0	-0.6132297654949633E0	-1.5296798772977995E0	6.098731872758606E0	9.329107423463217E0
hsa-miR-500a-3p	0.8969360777695992E0	1.0E0	0.6407267538070002E0	-0.642218862807472E0	-1.5607277112408828E0	89.1622391730163E0	139.15797748407505E0
hsa-miR-140-5p	0.8993137682587535E0	1.0E0	0.6235029733892E0	-0.6815316548266029E0	-1.6038415896627727E0	603.8573807015941E0	968.4915814713054E0
hsa-miR-339-3p	0.9001254071876601E0	1.0E0	1.5455674937261061E0	0.6281366569381712E0	1.5455674937261061E0	161.84425735371877E0	104.71510173369359E0
hsa-miR-29a-5p	0.9003737100652399E0	1.0E0	1.474365939124538E0	0.5600946472534531E0	1.474365939124538E0	51.511016768272825E0	34.93774197977088E0
hsa-miR-15a-5p	0.9004452628713224E0	1.0E0	0.6334512371085781E0	-0.6586945294902197E0	-1.5786534802024434E0	1691.0332019060966E0	2669.555449532771E0
hsa-miR-26a-2-3p	0.9006140490891417E0	1.0E0	0.6478945734428572E0	-0.6261690205820233E0	-1.5434609903986143E0	180.11045297199462E0	277.99345814567357E0
hsa-miR-641	0.9013090380255048E0	1.0E0	0.6957881549798378E0	-0.5232799760004199E0	-1.4372190627892731E0	6.796522319309602E0	9.76809143858284E0
hsa-miR-219b-5p	0.9021096523744881E0	1.0E0	1.3557573047145268E0	0.43909894350232526E0	1.3557573047145268E0	6.4476270960341004E0	4.755738415188063E0
hsa-miR-3150a-5p	0.9021379103313051E0	1.0E0	1.35858693655474E0	0.44210688718180646E0	1.35858693655474E0	3.694741739070197E0	2.71954752358251E0
hsa-miR-7-1-3p	0.9052500679675235E0	1.0E0	0.9374088304601239E0	-0.0932497097130269E0	-1.0667704074316788E0	281.20608995497275E0	299.98233515681E0
hsa-miR-3115	0.9059643581734195E0	1.0E0	0.9278998889471399E0	-0.10795893340356157E0	-1.0777024675955829E0	7.494312765860597E0	8.076639360803108E0
hsa-miR-345-5p	0.9069496552291259E0	1.0E0	0.9289459573627904E0	-0.106333426495335E0	-1.0764888872964438E0	59.344224757408824E0	63.883398477368246E0
hsa-miR-141-5p	0.9081518620886171E0	1.0E0	0.7037607899636019E0	-0.5068429583230613E0	-1.4209373614743717E0	12.187463745517217E0	17.317622578647217E0
hsa-miR-330-5p	0.9091390134017452E0	1.0E0	0.5883097510618546E0	-0.765352146190121E0	-1.6997848466646621E0	17.57840517172479E0	29.879506742106358E0
hsa-miR-320a-3p	0.9139616434704663E0	1.0E0	0.9805096941203452E0	-0.028396200736933806E0	-1.0198777288960312E0	418.5499435411566E0	426.8697658497358E0
hsa-miR-532-3p	0.9160213482939549E0	1.0E0	0.7125866157720522E0	-0.4888627087226688E0	-1.4033381737272033E0	167.40152657723115E0	234.92095259948042E0
hsa-miR-548k	0.9176055057226463E0	1.0E0	0.9567086206663142E0	-0.0638484967469248E0	-1.0452503284683845E0	17.616681600964874E0	18.4138422300691E0
hsa-miR-744-5p	0.9185927810649237E0	1.0E0	1.0133057597240445E0	0.019069565529332307E0	1.0133057597240445E0	346.99116388876155E0	342.43480860355885E0
hsa-miR-5187-5p	0.9191538678759658E0	1.0E0	0.8991635145052038E0	-0.15334459859712998E0	-1.1121447699646543E0	2.0650949104129173E0	2.296684504137577E0
hsa-miR-548b-3p	0.9194647862041481E0	1.0E0	0.7129567672696222E0	-0.4881134986343951E0	-1.402609591363659E0	129.14089885296795E0	181.1342633788462E0
hsa-miR-769-3p	0.921367265928115E0	1.0E0	0.6932851463479793E0	-0.5284792438077548E0	-1.4424079403225405E0	56.863681765240415E0	82.0206260992307E0
hsa-miR-374a-3p	0.9214287290206217E0	1.0E0	0.7393756021516699E0	-0.4356206564954614E0	-1.3524925587074859E0	3100.3188846006856E0	4193.158221256534E0
hsa-miR-1304-3p	0.926355606042571E0	1.0E0	0.7376996737272812E0	-0.4388944973129178E0	-1.35556519219729E0	168.55422681454826E0	228.48624287926708E0
hsa-miR-3173-5p	0.9277365097682648E0	1.0E0	0.7860599546321935E0	-0.34728874048004005E0	-1.2721675924426292E0	3.0735041509993337E0	3.910012376298198E0
hsa-miR-429	0.9288460078655336E0	1.0E0	0.7752910279787133E0	-0.36719012539390106E0	-1.2898382206319772E0	2.3757137044483194E0	3.06428633740833E0
hsa-miR-150-5p	0.9313423941313697E0	1.0E0	1.3457914031507687E0	0.42845481042251554E0	1.3457914031507687E0	12.808701333588004E0	9.517597826050803E0
hsa-miR-15a-3p	0.9324927738642488E0	1.0E0	0.7799320346968305E0	-0.3585796856278822E0	-1.2821630033297873E0	24.866928431270214E0	31.88345564236254E0
hsa-miR-659-5p	0.9333895916713704E0	1.0E0	0.8208887105174916E0	-0.28474144860599276E0	-1.2181919268564383E0	2.0268184811728496E0	2.469053911050487E0
hsa-miR-598-3p	0.937074555174507E0	1.0E0	1.3540741013239632E0	0.43730669215320656E0	1.3540741013239632E0	599.8958892376137E0	443.0303250171834E0
hsa-miR-3613-5p	0.9400340025735642E0	1.0E0	0.7908470881357025E0	-0.3385293211932998E0	-1.2644669431069697E0	154.27457700914832E0	195.07510279760865E0
hsa-miR-139-5p	0.9401609719389047E0	1.0E0	0.7997809305164941E0	-0.32232321206048364E0	-1.250342389826931E0	44.49042851340795E0	55.62826871397755E0
hsa-miR-760	0.9415410189153869E0	1.0E0	2.1958969423417822E0	1.1348103474845876E0	2.1958969423417822E0	1.3290280346218282E0	0.6052324263578441E0
hsa-miR-362-5p	0.9457451497345093E0	1.0E0	0.8041320353545186E0	-0.31449568911532516E0	-1.2435768705062582E0	112.94742758556447E0	140.4588085337592E0
hsa-miR-4488	0.946394290667633E0	1.0E0	1.2994792677307385E0	0.3779336168184646E0	1.2994792677307385E0	3.6564653098300823E0	2.8137927248762935E0
hsa-miR-7706	0.9475550966632109E0	1.0E0	1.285964029026601E0	0.36285028817850634E0	1.285964029026601E0	9.821750041068857E0	7.637655345683488E0
hsa-miR-4775	0.9478571717613156E0	1.0E0	1.3270205756199143E0	0.40819074004848505E0	1.3270205756199143E0	4.856256696616901E0	3.659518763766176E0
hsa-miR-590-3p	0.9486690244894599E0	1.0E0	0.8194201019905853E0	-0.287324809481401E0	-1.220375235572985E0	1413.770769442622E0	1725.3308358627673E0
hsa-miR-3064-5p	0.9510696526923839E0	1.0E0	1.0154992835503631E0	0.022189221791916413E0	1.0154992835503631E0	3.111780580239408E0	3.06428633740833E0
hsa-miR-590-5p	0.9515901985422494E0	1.0E0	0.8359917964069635E0	-0.25843930968773643E0	-1.1961839868500297E0	420.59924127966065E0	503.11407731522195E0
hsa-miR-12136	0.9547771125482265E0	1.0E0	1.2219676417763305E0	0.2892060824832317E0	1.2219676417763305E0	38.980250439365264E0	31.899576638037228E0
hsa-miR-767-5p	0.9591106030482157E0	1.0E0	1.2184129745717063E0	0.2850032099143649E0	1.2184129745717063E0	402.4699117496791E0	330.3230679053854E0
hsa-miR-624-5p	0.9596157216703448E0	1.0E0	0.847067190387741E0	-0.23945168448623094E0	-1.1805438946847353E0	62.13979390372777E0	73.3587543120697E0
hsa-miR-195-5p	0.9606656181429108E0	1.0E0	1.1845745107918855E0	0.24436894823544003E0	1.1845745107918855E0	75.71283854234696E0	63.91564046871764E0
hsa-miR-129-5p	0.9620371434769054E0	1.0E0	1.264475934277962E0	0.3385395796439103E0	1.264475934277962E0	10.944988569375521E0	8.655750791486263E0
hsa-miR-130a-5p	0.9674218300156153E0	1.0E0	0.8769130388213435E0	-0.18949431342794248E0	-1.1403639308911375E0	93.43434943103193E0	106.54916199979107E0
hsa-miR-193b-3p	0.9690927801368447E0	1.0E0	1.1436710119022662E0	0.19367210652498731E0	1.1436710119022662E0	31.0366205226238E0	27.137717227174477E0
hsa-miR-25-3p	0.9692651179056964E0	1.0E0	0.9913278140570507E0	-0.012565885598499459E0	-1.008748050664954E0	27273.169284009033E0	27511.75635073988E0
hsa-miR-454-5p	0.9711758877682395E0	1.0E0	0.9141776128493218E0	-0.12945360544303883E0	-1.0938793358581445E0	70.31308239590965E0	76.91402787454211E0
hsa-miR-1275	0.9721747084430002E0	1.0E0	1.0760269589306E0	0.10571422383158019E0	1.0760269589306E0	3.111780580239409E0	2.8919169304954204E0
hsa-miR-542-3p	0.9726192315479644E0	1.0E0	1.1719045006446638E0	0.2288550082755611E0	1.1719045006446638E0	637.7591407773388E0	544.2074336342453E0
hsa-miR-147b-5p	0.9742317751577407E0	1.0E0	1.1293578413989658E0	0.17550268204910352E0	1.1293578413989658E0	3.46067580351491E0	3.0642863374083316E0
hsa-miR-9903	0.9743949460670083E0	1.0E0	1.015512630555304E0	0.022208183431388234E0	1.015512630555304E0	25.602995307061242E0	25.211892532537405E0
hsa-miR-576-5p	0.9756669527613745E0	1.0E0	0.9079358625276995E0	-0.1393377071524269E0	-1.1013993843309517E0	85.40535193558071E0	94.06540204195107E0
hsa-miR-9-3p	0.9757246517256062E0	1.0E0	1.1093869628239037E0	0.14976267656488973E0	1.1093869628239037E0	610.5422958135282E0	550.3420503957539E0
hsa-miR-186-3p	0.9767593857308783E0	1.0E0	1.0877391021489917E0	0.12133256286385727E0	1.0877391021489917E0	24.169137984719207E0	22.219609405073506E0
hsa-miR-32-5p	0.9815049214971137E0	1.0E0	0.926712390214554E0	-0.10980643413019582E0	-1.0790834465572197E0	658.111282826831E0	710.1569913000978E0
hsa-miR-374a-5p	0.9845213519403158E0	1.0E0	1.0062968616478336E0	0.009055968810097948E0	1.0062968616478336E0	6063.85039922062E0	6025.9061021858915E0
hsa-miR-589-5p	0.9846865205123344E0	1.0E0	1.03289187583543E0	0.04668923933332465E0	1.03289187583543E0	123.69103400873945E0	119.75216080387787E0
hsa-miR-139-3p	0.9863924107837324E0	1.0E0	0.9334390737773899E0	-0.099372235079418E0	-1.0713071994653653E0	5.477494284687765E0	5.86807906228465E0
hsa-miR-582-3p	0.987021968964183E0	1.0E0	0.8985320075807744E0	-0.15435819843586165E0	-1.1129264083673769E0	133.02143009835328E0	148.0430624379273E0
hsa-miR-1260b	0.9876545879858627E0	1.0E0	0.9542893101561548E0	-0.06750138310936228E0	-1.0479002429948265E0	32.62358356192635E0	34.18626114217477E0
hsa-miR-652-3p	0.988494311381782E0	1.0E0	1.1786030639141636E0	0.23707792175865156E0	1.1786030639141636E0	10.017539547384054E0	8.499502380248032E0
hsa-miR-6514-5p	0.9885623987299197E0	1.0E0	0.8417975660783369E0	-0.2484547565219954E0	-1.1879340595609906E0	2.724608927723852E0	3.2366557443212436E0
hsa-miR-130b-5p	0.9886421980017881E0	1.0E0	0.951891714802672E0	-0.07113062997034332E0	-1.0505396616539528E0	18.973986064826818E0	19.932924900935944E0
hsa-miR-374b-5p	0.9926921478933959E0	1.0E0	0.9690311555980897E0	-0.045385044000067064E0	-1.031958564204054E0	713.6503439175643E0	736.4575842568115E0
hsa-miR-6084	0.999999999999995E0	1.0E0	1.0000000000654836E0	9.447289170621329E-11	1.0000000000654836E0	0.010000000000654834E0	0.009999999999999998E0
hsa-miR-4497	0.9999999999999973E0	1.0E0	0.9999999990905053E0	-1.312123496559275E-9	-1.0000000009094947E0	0.009999999991123332E0	0.010000000000218279E0
hsa-miR-1228-5p	0.9999999999999998E0	1.0E0	0.999999999992184E0	-1.1276061293472577E-11	-1.000000000007816E0	0.00999999999991985E0	0.00999999999999801E0
hsa-miR-6834-5p	0.9999999999999998E0	1.0E0	1.0000000000490274E0	7.073165720249949E-11	1.0000000000490274E0	0.010000000000488285E0	0.00999999999999801E0
hsa-miR-10401-3p	0.9999999999999998E0	1.0E0	1.00000000002629E0	3.7928569804670055E-11	1.00000000002629E0	0.010000000000260911E0	0.00999999999999801E0
hsa-miR-6126	1.0E0	1.0E0	1.0000000003637979E0	5.248493982895666E-10	1.0000000003637979E0	0.010000000003856258E0	0.010000000000218279E0
hsa-miR-6821-5p	1.0E0	1.0E0	0.9999999999971578E0	-4.100385924888922E-12	-1.0000000000028422E0	0.009999999999990905E0	0.010000000000019327E0
hsa-miR-1226-5p	1.0E0	1.0E0	1.0000000000085265E0	1.230115777459684E-11	1.0000000000085265E0	0.010000000000104592E0	0.010000000000019327E0
