microRNA ID	P-value (EV CL1-5 vs. CE CL1-5)	FDR step up (EV CL1-5 vs. CE CL1-5)	Ratio (EV CL1-5 vs. CE CL1-5)	Log2(Ratio) (EV CL1-5 vs. CE CL1-5)	Fold change (EV CL1-5 vs. CE CL1-5)	LSMean(EV CL1-5) (EV CL1-5 vs. CE CL1-5)	LSMean(CE CL1-5) (EV CL1-5 vs. CE CL1-5)
hsa-miR-379-3p	1.4714286285600474E-9	3.3706452424407564E-7	2.0062960201901287E-4	-12.283177894560058E0	-4984.309343868578E0	0.010000000000005116E0	49.843093510375475E0
hsa-miR-4798-5p	1.5135387982021527E-9	3.3706452424407564E-7	4.602595476744241E-4	-11.085264730240048E0	-2172.687139360278E0	0.00999999999999801E0	21.726871421790722E0
hsa-miR-412-5p	2.1001876494108568E-9	3.3706452424407564E-7	2.03636845878901E-4	-12.261713754494618E0	-4910.702656407678E0	0.010000000000005116E0	49.10702663458441E0
hsa-miR-127-5p	2.6941063647092164E-9	3.3706452424407564E-7	2.087559431305999E-4	-12.225895108894528E0	-4790.282781910499E0	0.010000000000005116E0	47.90282788768278E0
hsa-miR-380-3p	3.0771568017574775E-9	3.3706452424407564E-7	4.763990818456418E-4	-11.035541746821847E0	-2099.0804518888854E0	0.00999999999999801E0	20.990804545999655E0
hsa-miR-154-3p	3.3372725172680756E-9	3.3706452424407564E-7	4.3910575641844504E-4	-11.153143932076777E0	-2277.3557061890388E0	0.00999999999999801E0	22.773557091617217E0
hsa-miR-410-3p	6.645501287984196E-9	5.753105400740604E-7	0.0017276787572622397E0	-9.176949295395202E0	-578.8113072505716E0	0.009999999999999787E0	5.788113078723179E0
hsa-miR-1262	3.400823719520761E-8	2.5761239675369765E-6	7.928383349540427E-4	-10.30068565881237E0	-1261.2911812065263E0	0.009999999999999787E0	12.612911827272852E0
hsa-miR-376a-5p	7.087977300949363E-8	4.772571382639238E-6	8.231003236402642E-4	-10.246644095199839E0	-1214.9187301705517E0	0.009999999999999787E0	12.149187316277137E0
hsa-miR-548a-5p	1.8588974689868098E-7	1.0782177531262861E-5	8.179463876266321E-4	-10.255706094866493E0	-1222.5740160080882E0	0.009999999999999787E0	12.225740174757282E0
hsa-miR-491-3p	1.957160938018011E-7	1.0782177531262861E-5	7.362119670688837E-4	-10.407591178739983E0	-1358.3044622071934E0	0.009999999999999787E0	13.5830446386192E0
hsa-miR-548n	2.6669272275698915E-7	1.205457240245852E-5	3.550569170291877E-4	-11.459662066667885E0	-2816.4498480050574E0	0.00999999999999801E0	28.164498517824835E0
hsa-miR-22-5p	2.708421531847701E-7	1.205457240245852E-5	2.0840372152715802E-4	-12.228331339069127E0	-4798.378803757041E0	0.010000000000005116E0	47.98378810627777E0
hsa-miR-98-3p	2.8339128929027905E-7	1.205457240245852E-5	2.3871676097236057E-4	-12.032412513914098E0	-4189.06488143823E0	0.010000000000005116E0	41.89064887340431E0
hsa-miR-4677-3p	3.3412809797214715E-7	1.205457240245852E-5	0.0011346435180294432E0	-9.783545181465826E0	-881.3340790389557E0	0.009999999999999787E0	8.813340800482445E0
hsa-miR-496	3.519475030046098E-7	1.205457240245852E-5	3.4791016289149125E-4	-11.488997557047506E0	-2874.3052277891843E0	0.00999999999999801E0	28.74305231654076E0
hsa-miR-182-3p	3.5806457009260317E-7	1.205457240245852E-5	6.871351666451691E-4	-10.507118459446776E0	-1455.3177432066896E0	0.009999999999999787E0	14.553177449965558E0
hsa-miR-3143	3.7833128077536254E-7	1.205457240245852E-5	0.002109069515994533E0	-8.889177636790915E0	-474.1427403963256E0	0.009999999999999787E0	4.741427408896682E0
hsa-miR-744-3p	3.846354902875324E-7	1.205457240245852E-5	6.540545627579435E-4	-10.578301385818728E0	-1528.9244306825303E0	0.009999999999999787E0	15.289244325756632E0
hsa-miR-196a-3p	4.5709158888561997E-7	1.205457240245852E-5	0.003253615260751091E0	-8.263740621919343E0	-307.3504148026254E0	0.010000000000000231E0	3.073504150999339E0
hsa-miR-1286	4.688938826215259E-7	1.205457240245852E-5	0.007313660031548835E0	-7.0951907187153616E0	-136.73044627263417E0	0.010000000000000009E0	1.3673044638619183E0
hsa-miR-1284	4.833031793928078E-7	1.205457240245852E-5	0.0020921798398113203E0	-8.900777416417318E0	-477.9703833157016E0	0.009999999999999787E0	4.779703838136758E0
hsa-miR-580-3p	4.958881607819556E-7	1.205457240245852E-5	5.65187786074283E-4	-10.788982090736157E0	-1769.3234437103872E0	0.00999999999999801E0	17.693234459445037E0
hsa-miR-570-3p	5.165615837963983E-7	1.205457240245852E-5	9.168665940135045E-4	-10.091000545572554E0	-1090.6712127252736E0	0.009999999999999787E0	10.906712140135435E0
hsa-miR-450a-1-3p	5.241750019392748E-7	1.205457240245852E-5	4.2955390374165275E-4	-11.184873196308684E0	-2327.9965361493523E0	0.00999999999999801E0	23.279965391967853E0
hsa-miR-545-5p	5.261073584128032E-7	1.205457240245852E-5	2.936215920544734E-4	-11.733754315985092E0	-3405.7440837473473E0	0.010000000000005116E0	34.05744088426824E0
hsa-miR-1277-3p	5.649193571014149E-7	1.205457240245852E-5	2.6715421400778E-4	-11.870039605584802E0	-3743.1563777275032E0	0.010000000000005116E0	37.431563829302995E0
hsa-miR-7974	5.749576587205553E-7	1.205457240245852E-5	1.3323860173208353E-4	-12.873700260658516E0	-7505.332441200503E0	0.009999999999990905E0	75.05332452503602E0
hsa-miR-1247-3p	5.768689763552757E-7	1.205457240245852E-5	0.0022765911751336824E0	-8.778909045696276E0	-439.2532181107482E0	0.009999999999999787E0	4.392532185621186E0
hsa-miR-3662	6.552923481843995E-7	1.2860765762869875E-5	2.6911220471716787E-4	-11.859504558301117E0	-3715.922141290404E0	0.010000000000005116E0	37.15922146450764E0
hsa-miR-556-3p	6.578939581666107E-7	1.2860765762869875E-5	0.003253615260751097E0	-8.26374062191934E0	-307.3504148026248E0	0.010000000000000231E0	3.0735041509993355E0
hsa-miR-579-3p	7.130003688027555E-7	1.3502444484202183E-5	5.02365073946752E-4	-10.958976212683234E0	-1990.5842421401983E0	0.00999999999999801E0	19.905842446933093E0
hsa-miR-1278	7.628493485056026E-7	1.3679860565754171E-5	0.0020921798398113203E0	-8.900777416417318E0	-477.9703833157016E0	0.009999999999999787E0	4.779703838136756E0
hsa-miR-652-5p	7.675169294317521E-7	1.3679860565754171E-5	0.0010471853700867028E0	-9.899267437586003E0	-954.9407665208348E0	0.009999999999999787E0	9.549407676273523E0
hsa-miR-4467	8.857112071316099E-7	1.4734259082002486E-5	0.002954975387199809E0	-8.402638170811786E0	-338.4122941706188E0	0.010000000000000231E0	3.384122945034765E0
hsa-miR-582-5p	8.923448142566616E-7	1.4734259082002486E-5	3.043431336878159E-4	-11.682013562136158E0	-3285.7649452534174E0	0.010000000000005116E0	32.857649497481425E0
hsa-miR-411-3p	8.996164786041121E-7	1.4734259082002486E-5	8.339119135909185E-4	-10.227817380216639E0	-1199.1674224845733E0	0.009999999999999787E0	11.991674239202002E0
hsa-miR-12135	1.0443793631679873E-6	1.6434597518568155E-5	3.146906900268306E-5	-14.95570597661014E0	-31777.23497046385E0	0.009999999999990905E0	317.77235026065E0
hsa-miR-33a-3p	1.0778935798661306E-6	1.6434597518568155E-5	2.9666067810497394E-4	-11.718898666962778E0	-3370.854561473591E0	0.010000000000005116E0	33.708545660992705E0
hsa-miR-1185-5p	1.0847919154170398E-6	1.6434597518568155E-5	0.0017163287825308195E0	-9.186458340512345E0	-582.6389501698188E0	0.009999999999999787E0	5.826389507963252E0
hsa-miR-101-2-5p	1.1929855452084347E-6	1.7632908302349058E-5	0.0018256522948099589E0	-9.097372262121784E0	-547.7494278854972E0	0.009999999999999787E0	5.477494284687754E0
hsa-miR-573	1.2610249514584638E-6	1.8194788585329265E-5	0.0014631008723035859E0	-9.416755046316666E0	-683.4798741016027E0	0.009999999999999787E0	6.834798748549671E0
hsa-miR-1294	1.3074095677201077E-6	1.8425353442753144E-5	0.0022569243854834464E0	-8.791426200432493E0	-443.0808610301732E0	0.009999999999999787E0	4.4308086148612595E0
hsa-miR-3065-3p	1.3942235682793585E-6	1.893467192790839E-5	0.001399498343028908E0	-9.480874505865152E0	-714.5417534655445E0	0.009999999999999787E0	7.145417542585099E0
hsa-miR-4497	1.4060399946466624E-6	1.893467192790839E-5	953612.3918582434E0	19.86304345767426E0	953612.3918582434E0	9536.123932289496E0	0.009999999991123332E0
hsa-miR-499a-5p	1.6001236859451515E-6	2.1079890297451344E-5	0.0010221318529992855E0	-9.934202971558346E0	-978.3473600452397E0	0.009999999999999787E0	9.783473611828795E0
hsa-miR-4791	1.7451724241747911E-6	2.250158487340263E-5	0.002678797573205499E0	-8.544198718474885E0	-373.3018164576659E0	0.010000000000000231E0	3.733018168310262E0
hsa-miR-3689a-3p	1.859670165815061E-6	2.347833584341515E-5	0.0016193585309944316E0	-9.270361846505876E0	-617.5284724537871E0	0.009999999999999787E0	6.175284731238749E0
hsa-miR-544b	2.466410877647031E-6	3.0502959017430624E-5	0.0012812412171081037E0	-9.608242169665868E0	-780.4931551118104E0	0.009999999999999787E0	7.804931559896023E0
hsa-miR-10523-5p	2.5522327647413336E-6	3.093306110866496E-5	0.0015602204545809276E0	-9.324034392587441E0	-640.9350659798895E0	0.009999999999999787E0	6.409350666794031E0
hsa-miR-3131	2.6738371764085552E-6	3.1315208071502716E-5	0.005826827777464983E0	-7.423073614833052E0	-171.61996856462088E0	0.010000000000000009E0	1.7161996871374183E0
hsa-miR-3912-3p	2.7438815546448287E-6	3.1315208071502716E-5	0.0015509581838371125E0	-9.332624494989622E0	-644.762708899071E0	0.009999999999999787E0	6.447627096034103E0
hsa-miR-545-3p	2.788228512883754E-6	3.1315208071502716E-5	9.575803751633989E-4	-10.028318793835039E0	-1044.2987616881378E0	0.009999999999999787E0	10.442987629139717E0
hsa-miR-183-3p	2.79046408557945E-6	3.1315208071502716E-5	0.0011006327019766236E0	-9.827451184919424E0	-908.5683154826332E0	0.009999999999999787E0	9.085683165277795E0
hsa-miR-6505-5p	2.9298509276963175E-6	3.203550792190424E-5	0.0024730212190797575E0	-8.659509666232333E0	-404.36369582470167E0	0.009999999999999787E0	4.043636962345689E0
hsa-miR-1277-5p	2.96037696968092E-6	3.203550792190424E-5	8.365822146095142E-4	-10.223205052338958E0	-1195.3397795657934E0	0.009999999999999787E0	11.953397809961926E0
hsa-miR-188-3p	3.2122769351190933E-6	3.4151575836529303E-5	7.320859940650019E-4	-10.415699255733667E0	-1365.9597480445857E0	0.009999999999999787E0	13.659597497099346E0
hsa-miR-450a-5p	3.47085354272154E-6	3.625301898142549E-5	0.0018384996292474714E0	-9.087255399055275E0	-543.92178496621E0	0.009999999999999787E0	5.439217855447682E0
hsa-miR-6844	3.5295843562773987E-6	3.625301898142549E-5	0.0024730212190797575E0	-8.659509666232333E0	-404.36369582470167E0	0.009999999999999787E0	4.043636962345688E0
hsa-miR-153-3p	3.7075440681446858E-6	3.744619508826133E-5	8.501944137643796E-4	-10.199919599825366E0	-1176.2015649718642E0	0.009999999999999787E0	11.762015663761565E0
hsa-miR-3684	3.982663929858253E-6	3.956548100810002E-5	0.002678797573205499E0	-8.544198718474885E0	-373.3018164576659E0	0.010000000000000231E0	3.733018168310263E0
hsa-miR-551b-3p	4.574355750278739E-6	4.4177387302741E-5	8.674569414054197E-4	-10.17092023219008E0	-1152.7949714481956E0	0.009999999999999787E0	11.527949728206288E0
hsa-miR-450a-2-3p	4.592698679987926E-6	4.4177387302741E-5	8.761845688068873E-4	-10.15647757313079E0	-1141.3120426917742E0	0.009999999999999787E0	11.413120440486068E0
hsa-miR-5000-3p	5.142314999472131E-6	4.8105099121392634E-5	0.0011655996769945277E0	-9.744711901939798E0	-857.9274855141323E0	0.009999999999999787E0	8.579274864927163E0
hsa-miR-1226-5p	5.2241014957788406E-6	4.8105099121392634E-5	15811.172027582994E0	13.948656693210992E0	15811.172027582994E0	158.11172053564007E0	0.010000000000104592E0
hsa-miR-3688-3p	5.239169211240782E-6	4.8105099121392634E-5	0.003670251502047259E0	-8.089905358289966E0	-272.4608925143691E0	0.010000000000000231E0	2.724608927723841E0
hsa-miR-338-3p	5.940091740179708E-6	5.3726799918640346E-5	0.005826827777465014E0	-7.4230736148330445E0	-171.61996856461994E0	0.010000000000000009E0	1.7161996871374094E0
hsa-miR-3140-3p	6.308566745289615E-6	5.62204624653751E-5	0.00212623410425182E0	-8.877483834336175E0	-470.3150974769452E0	0.009999999999999787E0	4.703150979656613E0
hsa-miR-664a-3p	6.68788931449839E-6	5.8737114849072815E-5	0.00981923534202175E0	-6.670173603424141E0	-101.8409239791276E0	0.010000000000000009E0	1.0184092405864218E0
hsa-miR-548l	7.3392797873805395E-6	6.353719358789438E-5	0.002678797573205499E0	-8.544198718474885E0	-373.3018164576659E0	0.010000000000000231E0	3.733018168310263E0
hsa-miR-3940-3p	7.500757015015473E-6	6.385991889449444E-5	0.004842392453043363E0	-7.690064276966025E0	-206.50949085539662E0	0.010000000000000231E0	2.065094910412917E0
hsa-miR-26b-3p	7.587317096375577E-6	6.385991889449444E-5	9.944493848058323E-4	-9.973814436492363E0	-1005.5815964884442E0	0.009999999999999787E0	10.055815976624144E0
hsa-miR-3611	7.74616202520945E-6	6.430375599009489E-5	0.0014881020024396904E0	-9.392310864822141E0	-671.9969453441602E0	0.009999999999999787E0	6.71996946082945E0
hsa-miR-548e-3p	7.973750369655417E-6	6.529855032447544E-5	6.210461084001046E-4	-10.653011996947857E0	-1610.1864039952359E0	0.00999999999999801E0	16.10186406002784E0
hsa-miR-19a-5p	8.612770920616512E-6	6.884374137154378E-5	0.00212623410425182E0	-8.877483834336175E0	-470.3150974769452E0	0.009999999999999787E0	4.703150979656613E0
hsa-miR-1257	8.698127519538708E-6	6.884374137154378E-5	0.002237594476637644E0	-8.803835686933644E0	-446.90850394959205E0	0.009999999999999787E0	4.46908504410133E0
hsa-miR-2278	8.747472088463483E-6	6.884374137154378E-5	0.004842392453043359E0	-7.690064276966027E0	-206.5094908553968E0	0.010000000000000231E0	2.0650949104129186E0
hsa-miR-147b-3p	9.916616929288137E-6	7.704448537370014E-5	7.714973670804794E-4	-10.340051146287356E0	-1296.1807034860356E0	0.009999999999999787E0	12.961807050548348E0
hsa-miR-6126	1.0118739846869834E-5	7.761970059750784E-5	655719.6574828165E0	19.322719619760672E0	655719.6574828165E0	6557.19659218788E0	0.010000000003856258E0
hsa-miR-190a-3p	1.0555614666548127E-5	7.995878109910206E-5	0.0010642484729482752E0	-9.875949264612029E0	-939.6301948451113E0	0.009999999999999787E0	9.396301959313227E0
hsa-miR-5009-5p	1.1013712138930878E-5	8.239888340977916E-5	0.0032946457156947523E0	-8.245660948925183E0	-303.5227718829631E0	0.010000000000000231E0	3.0352277217592682E0
hsa-miR-3115	1.158922784010895E-5	8.564722037934176E-5	0.001334345165941271E0	-9.549652376176077E0	-749.4312757483422E0	0.009999999999999787E0	7.494312765860597E0
hsa-miR-4766-3p	1.2896422964076611E-5	9.415942549675212E-5	0.0013208529258589225E0	-9.564314450133823E0	-757.0865615865001E0	0.009999999999999787E0	7.570865624340742E0
hsa-miR-4746-5p	1.3845806454427796E-5	9.988760370694339E-5	0.0026787975732054966E0	-8.544198718474886E0	-373.30181645766623E0	0.010000000000000231E0	3.733018168310265E0
hsa-miR-576-3p	1.609236161917377E-5	1.1472907224963888E-4	0.0024270726459305254E0	-8.686566993496816E0	-412.0189816636518E0	0.009999999999999787E0	4.120189820825832E0
hsa-miR-101-5p	1.7601260859018597E-5	1.226111409103237E-4	0.004142519006068203E0	-7.915275968048808E0	-241.3990131451761E0	0.010000000000000231E0	2.4139901336884146E0
hsa-miR-3163	1.7616329139134745E-5	1.226111409103237E-4	0.0022765911751336824E0	-8.778909045696276E0	-439.2532181107482E0	0.009999999999999787E0	4.392532185621186E0
hsa-miR-181b-2-3p	1.7804918151994203E-5	1.226111409103237E-4	0.0021262341042518297E0	-8.877483834336168E0	-470.3150974769431E0	0.009999999999999787E0	4.70315097965659E0
hsa-miR-4458	2.2950930367542178E-5	1.5627262699697257E-4	0.0024730212190797575E0	-8.659509666232333E0	-404.36369582470167E0	0.009999999999999787E0	4.043636962345689E0
hsa-miR-192-3p	2.774270918272351E-5	1.8680090849700493E-4	0.004142519006068185E0	-7.915275968048815E0	-241.39901314517715E0	0.010000000000000231E0	2.4139901336884275E0
hsa-miR-488-3p	2.9358998807742385E-5	1.955115744779328E-4	0.0049338409442485145E0	-7.663073077463984E0	-202.68184793547545E0	0.010000000000000231E0	2.026818481172845E0
hsa-miR-137-3p	3.034306290971392E-5	1.9986843612268082E-4	1.2860228071150272E-4	-12.924796151020464E0	-7775.911861495904E0	0.009999999999990905E0	77.75911873253015E0
hsa-miR-624-3p	3.3302024858656604E-5	2.1700029101447206E-4	0.002706549122023542E0	-8.52932971243933E0	-369.4741735381302E0	0.010000000000000231E0	3.694741739070192E0
hsa-miR-548u	3.491064104968106E-5	2.2397769659342684E-4	0.001073497923091156E0	-9.863464884661477E0	-931.5341729963321E0	0.009999999999999787E0	9.315341740718235E0
hsa-miR-25-5p	3.5112015142533906E-5	2.2397769659342684E-4	115.3533874875336E0	6.8499165608498656E0	115.3533874875336E0	9812.058821237748E0	85.06086407242037E0
hsa-miR-4508	3.7121682645492975E-5	2.329788685885322E-4	479.4841204637219E0	8.90533922669156E0	479.4841204637219E0	971.8272777981072E0	2.02681848117345E0
hsa-miR-29b-2-5p	3.729199711730631E-5	2.329788685885322E-4	0.003619404614197304E0	-8.110031888676762E0	-276.2885354341009E0	0.010000000000000231E0	2.7628853569639134E0
hsa-miR-597-5p	4.828860584449137E-5	2.986009708343038E-4	0.004142519006068203E0	-7.915275968048808E0	-241.3990131451761E0	0.010000000000000231E0	2.4139901336884146E0
hsa-miR-548o-3p	4.959837184874557E-5	3.036021549529274E-4	0.0018384996292474714E0	-9.087255399055275E0	-543.92178496621E0	0.009999999999999787E0	5.439217855447681E0
hsa-miR-10b-3p	5.2067417150787296E-5	3.15528547933771E-4	0.0021262341042518106E0	-8.87748383433618E0	-470.3150974769473E0	0.009999999999999787E0	4.703150979656632E0
hsa-miR-643	5.321491643751004E-5	3.192894986250603E-4	0.0022966037297203275E0	-8.766282338040543E0	-435.4255751913181E0	0.009999999999999787E0	4.354255756381116E0
hsa-miR-200c-5p	6.042895058904239E-5	3.590190593819577E-4	0.001994507219491942E0	-8.969751939123011E0	-501.3769768427956E0	0.009999999999999787E0	5.013769773692038E0
hsa-miR-5187-5p	6.468016719437289E-5	3.8054544970669873E-4	0.004842392453043363E0	-7.690064276966025E0	-206.50949085539662E0	0.010000000000000231E0	2.0650949104129173E0
hsa-miR-320a-3p	8.720362829361012E-5	5.08128834095459E-4	17.53813669363301E0	4.132423574388895E0	17.53813669363301E0	7340.58612648795E0	418.5499435411566E0
hsa-miR-487a-5p	1.0142389943036117E-4	5.771073058141825E-4	0.0026249674673898713E0	-8.57348474185519E0	-380.957102296718E0	0.010000000000000231E0	3.8095710267904077E0
hsa-miR-5583-3p	1.0159378144997367E-4	5.771073058141825E-4	0.0037225473820125202E0	-8.069494072561374E0	-268.6332495946284E0	0.010000000000000231E0	2.6863324984837678E0
hsa-miR-1305	1.0189848468996291E-4	5.771073058141825E-4	0.0012626643914735358E0	-9.6293130541647E0	-791.9760838689645E0	0.009999999999999787E0	7.919760847616239E0
hsa-miR-3909	1.056079263411862E-4	5.925778089144338E-4	0.002678797573205499E0	-8.544198718474885E0	-373.3018164576659E0	0.010000000000000231E0	3.7330181683102626E0
hsa-let-7c-5p	1.0823321414016496E-4	6.017369520086236E-4	8.020714543555254E0	3.003730768166938E0	8.020714543555254E0	1077.9195215588106E0	134.3919566425584E0
hsa-miR-30c-2-3p	1.3196022889126822E-4	7.269808973464413E-4	0.0011976598282668163E0	-9.705566087521918E0	-834.9616280001158E0	0.009999999999999787E0	8.34961628948678E0
hsa-miR-29c-3p	1.567458925397329E-4	8.557478457574606E-4	0.19998027171887617E0	-2.32207041137334E0	-5.00049325568353E0	1113.7665985406265E0	5569.382365921791E0
hsa-miR-99b-5p	1.8264206039886874E-4	9.882240053724505E-4	2.9297969409793034E0	1.5508006774823586E0	2.9297969409793034E0	13364.81428776796E0	4561.686203711648E0
hsa-miR-6733-5p	1.8546679972300883E-4	9.946272622313572E-4	0.002218592866239819E0	-8.816139341664156E0	-450.73614686900595E0	0.009999999999999787E0	4.507361473341403E0
hsa-miR-7704	1.998267644456263E-4	0.0010622370110004347E0	2393.5019875449507E0	11.224907288722713E0	2393.5019875449507E0	8008.290296173223E0	3.3458465158264517E0
hsa-miR-744-5p	2.2240696612094298E-4	0.0011719880127764473E0	9.12290287582467E0	3.189492957963267E0	9.12290287582467E0	3165.5666881083744E0	346.99116388876155E0
hsa-miR-124-5p	2.2637458026521245E-4	0.0011826120313855066E0	0.00595974813602752E0	-7.390532922193103E0	-167.7923256445786E0	0.010000000000000009E0	1.6779232578973458E0
hsa-miR-2116-5p	2.3485887446297507E-4	0.0012164485292697684E0	0.003294645715694755E0	-8.245660948925181E0	-303.52277188296284E0	0.010000000000000231E0	3.035227721759266E0
hsa-miR-194-3p	2.459648755642927E-4	0.0012631755473895031E0	0.005959748136027531E0	-7.3905329221931E0	-167.79232564457828E0	0.010000000000000009E0	1.6779232578973422E0
hsa-miR-4775	2.7884811928528846E-4	0.001420016472999032E0	0.002059199221781628E0	-8.923700871218106E0	-485.62566915443745E0	0.009999999999999787E0	4.856256696616901E0
hsa-miR-495-3p	3.03102411691456E-4	0.0015306671790418528E0	12.676902377707012E0	3.664130358482132E0	12.676902377707012E0	47.32310691417293E0	3.7330181683102737E0
hsa-miR-106b-3p	3.155426203247176E-4	0.0015803208918742054E0	17.15467252952834E0	4.100529681025732E0	17.15467252952834E0	6485.427924637264E0	378.0560608406249E0
hsa-miR-1307-3p	3.414516930380385E-4	0.0016960633277135356E0	22.686744972277936E0	4.503777725086616E0	22.686744972277936E0	1260.127394424357E0	55.54465373061885E0
hsa-miR-99a-5p	3.501000835371886E-4	0.0017248833384027342E0	18.47185036422863E0	4.207256486253016E0	18.47185036422863E0	174.27412032876134E0	9.43457838855295E0
hsa-miR-100-5p	3.552027876044849E-4	0.0017359103974864342E0	2.667431171598068E0	1.4154510453045308E0	2.667431171598068E0	36585.93350214439E0	13715.792889292774E0
hsa-miR-675-5p	3.894293134261524E-4	0.00187296955504959E0	0.0028896090179024933E0	-8.434909984355642E0	-346.0675800097963E0	0.010000000000000231E0	3.4606758035149094E0
hsa-miR-103a-2-5p	3.894293134261524E-4	0.00187296955504959E0	0.0028896090179024933E0	-8.434909984355642E0	-346.0675800097963E0	0.010000000000000231E0	3.4606758035149094E0
hsa-miR-423-5p	4.5480805111691974E-4	0.0021701864486366406E0	14.008864196350668E0	3.808268085294348E0	14.008864196350668E0	9655.1311931673E0	689.2158460197279E0
hsa-miR-342-3p	4.7729475793798637E-4	0.002259692369612654E0	11.698698880500572E0	3.548276178283107E0	11.698698880500572E0	1437.913792148691E0	122.91228334359357E0
hsa-let-7b-3p	4.934060644900736E-4	0.0023178610471394153E0	13.389534670583924E0	3.74303391812567E0	13.389534670583924E0	63.48550670729422E0	4.741427408896669E0
hsa-miR-1268b	5.571274160735324E-4	0.002597070878004313E0	16.833876281705002E0	4.073295514483568E0	16.833876281705002E0	63.48550670729422E0	3.771294597550323E0
hsa-miR-19b-3p	5.649348663444197E-4	0.002613362816829911E0	0.10205092582851476E0	-3.2926388240096442E0	-9.799029179611647E0	1629.7892994553167E0	15970.352908136718E0
hsa-miR-191-5p	5.961408694493184E-4	0.0027368285370173253E0	3.7704210883043445E0	1.9147256556116214E0	3.7704210883043445E0	50284.002828522396E0	13336.442174384938E0
hsa-miR-130a-3p	6.268337469086232E-4	0.0028560996287716215E0	0.20840091295934843E0	-2.262566497121999E0	-4.79844347032714E0	2167.56996776953E0	10400.961961075529E0
hsa-miR-665	6.3562209861815E-4	0.002874529789273126E0	8.340612231874756E0	3.0601532867240597E0	8.340612231874756E0	79.6479065004155E0	9.54940767627349E0
hsa-miR-92a-3p	6.853660909739847E-4	0.0030765322305943313E0	3.122045520312294E0	1.642491572373492E0	3.122045520312294E0	14099.166833249565E0	4516.002966263135E0
hsa-miR-7977	7.107445927213443E-4	0.0031669942881554017E0	12.71717575365864E0	3.6687064055571637E0	12.71717575365864E0	697.0664813150454E0	54.81299421494259E0
hsa-miR-370-3p	7.62451888999908E-4	0.0033725974068171114E0	11.169087570100768E0	3.48143942825939E0	11.169087570100768E0	1254.531826817954E0	112.3217826373791E0
hsa-miR-4443	7.874432444364893E-4	0.0034579029429602356E0	29.369302167258645E0	4.876237081633006E0	29.369302167258645E0	191.61061258707358E0	6.524179954514409E0
hsa-miR-29b-3p	7.986222669712294E-4	0.0034817632646371587E0	0.12000556333240261E0	-3.0588268056700496E0	-8.33294700871581E0	2811.717774564E0	23429.895227295194E0
hsa-miR-1260a	8.94557047319215E-4	0.0038721540762531735E0	57.292336992593206E0	5.84027028234956E0	57.292336992593206E0	613.9062974190572E0	10.715329993935143E0
hsa-miR-222-3p	9.478042023525195E-4	0.0040735414654299775E0	6.750297091867371E0	2.754950998982968E0	6.750297091867371E0	2069.1465818260604E0	306.52674289723836E0
hsa-miR-425-5p	0.0010092581895336627E0	0.00430711593561549E0	4.684066151763659E0	2.2277614507638632E0	4.684066151763659E0	1551.05059070054E0	331.13336576428765E0
hsa-miR-1296-5p	0.0010489309815830685E0	0.004445120103771605E0	11.986108022008562E0	3.583291375920174E0	11.986108022008562E0	646.2310970052997E0	53.915006901961306E0
hsa-miR-374a-5p	0.0011170852417402603E0	0.004701067058990262E0	0.15018509632589547E0	-2.735186441313066E0	-6.658450302086175E0	910.6999560211943E0	6063.85039922062E0
hsa-miR-93-3p	0.0011935196844014566E0	0.004963723310389055E0	15.42296238265646E0	3.9470079940114213E0	15.42296238265646E0	1140.220935800914E0	73.93008599672953E0
hsa-miR-424-3p	0.001195880533526076E0	0.004963723310389055E0	40.38900026753342E0	5.335890530927816E0	40.38900026753342E0	1729.7361861705135E0	42.826912615625815E0
hsa-miR-30a-5p	0.001277126103776935E0	0.005264887203325323E0	5.994942351004159E0	2.583745880358381E0	5.994942351004159E0	253.91202682917685E0	42.35437338440022E0
hsa-miR-4488	0.0013147444949886057E0	0.005383345702453345E0	315.93605958748014E0	8.303488799284585E0	315.93605958748014E0	1155.2092431288445E0	3.6564653098300823E0
hsa-miR-4449	0.0013658717046105815E0	0.005535507886253256E0	15811.172027493118E0	13.948656693202791E0	15811.172027493118E0	158.11172053564007E0	0.010000000000161435E0
hsa-miR-941	0.001370175219369618E0	0.005535507886253256E0	13.145062649866665E0	3.7164491127989363E0	13.145062649866665E0	521.6282685210931E0	39.682448246031186E0
hsa-let-7f-1-3p	0.0015081359384240905E0	0.006052519064139065E0	8.931236324771072E0	3.1588598972007498E0	8.931236324771072E0	94.63621382834587E0	10.596093346100005E0
hsa-miR-142-3p	0.0015579594889253774E0	0.006211338488741966E0	27.974687721477164E0	4.806050121524569E0	27.974687721477164E0	1037.3760747162319E0	37.082668606027255E0
hsa-miR-501-3p	0.0015938081140696983E0	0.006303351462869463E0	17.605687195338483E0	4.137969635292496E0	17.605687195338483E0	159.285813000831E0	9.047406736037715E0
hsa-miR-874-3p	0.00160184179089422E0	0.006303351462869463E0	20.661110404520894E0	4.368845886943523E0	20.661110404520894E0	110.79861362146715E0	5.362664996967524E0
hsa-miR-186-5p	0.0016940152020540056E0	0.00662305298351437E0	3.2406739288213258E0	1.6962938664014626E0	3.2406739288213258E0	7425.195297568681E0	2291.2503569265255E0
hsa-miR-4516	0.0017065027071698315E0	0.00662910667015973E0	129.12452853372687E0	7.012619271230628E0	129.12452853372687E0	5180.620502948668E0	40.12111840813395E0
hsa-miR-142-5p	0.0017595098483957736E0	0.006791483873425725E0	119.02541029237672E0	6.895125791790227E0	119.02541029237672E0	328.85356346882867E0	2.76288535696375E0
hsa-miR-766-5p	0.0018723555456226272E0	0.007181313042071595E0	33.03167963460406E0	5.045778426269924E0	33.03167963460406E0	78.47381403522459E0	2.37571370444833E0
hsa-miR-668-3p	0.0019091099886728643E0	0.0072539009937984695E0	2341.0172076234703E0	11.192919823666394E0	2341.0172076234703E0	840.1798945227551E0	0.35889522327556733E0
hsa-miR-197-5p	0.001915221384501246E0	0.0072539009937984695E0	14194.932051386875E0	13.793088322703912E0	14194.932051386875E0	141.9493207425188E0	0.009999999999962483E0
hsa-miR-3195	0.0019384888298721043E0	0.007296423794425436E0	3826.189390572594E0	11.901692571330289E0	3826.189390572594E0	2561.6874334369327E0	0.6695140173092113E0
hsa-miR-181a-2-3p	0.0021006356171827095E0	0.007846587059981392E0	8.483363866780051E0	3.0846364430455133E0	8.483363866780051E0	189.26242765669173E0	22.309832580621276E0
hsa-miR-21-5p	0.0021105506448464797E0	0.007846587059981392E0	0.42295588218326546E0	-1.2414209087876202E0	-2.364312785622173E0	55442.156547458464E0	131082.59960667018E0
hsa-miR-1268a	0.002152481591973648E0	0.007916975274052865E0	33.69576980430788E0	5.074495580495935E0	33.69576980430788E0	125.78692094939751E0	3.7330181683102523E0
hsa-miR-766-3p	0.0021556120795688497E0	0.007916975274052865E0	28.203379781973528E0	4.8177961547639425E0	28.203379781973528E0	47.32310691417293E0	1.6779232578973549E0
hsa-miR-19a-3p	0.0021754329387937994E0	0.007941640728367725E0	0.07816802812584997E0	-3.67727754510701E0	-12.792954152431824E0	753.7723279507445E0	9642.974836996407E0
hsa-miR-138-1-3p	0.0022153421085951705E0	0.008038906094662715E0	9.373435661947504E0	3.2285779383823137E0	9.373435661947504E0	126.96101341458844E0	13.544768209379171E0
hsa-miR-101-3p	0.0022544997362969575E0	0.008132302620214025E0	0.30434193721266417E0	-1.716234949204331E0	-3.285777862750584E0	270.0744266222981E0	887.4045724688768E0
hsa-miR-3182	0.0022832634852811375E0	0.008187323503434138E0	197.55642874739786E0	7.626120984058329E0	197.55642874739786E0	10996.759403170336E0	55.66389037845329E0
hsa-miR-320c	0.0023187995622648214E0	0.008265838439602834E0	32.768857204971404E0	5.034253455486406E0	32.768857204971404E0	235.40144210567374E0	7.183693971825278E0
hsa-miR-339-5p	0.002436832240275249E0	0.008635791447992987E0	4.40811936725381E0	2.14016329110813E0	4.40811936725381E0	3202.3129628358292E0	726.4578599713814E0
hsa-miR-221-5p	0.0024564696202874947E0	0.008654770871478033E0	19.71791589830525E0	4.30143516779623E0	19.71791589830525E0	612.7322049538662E0	31.074896951863934E0
hsa-miR-1180-3p	0.0025158572074894764E0	0.008812771489818627E0	11.24609150572173E0	3.4913517856581824E0	11.24609150572173E0	684.4263589174968E0	60.85904229834591E0
hsa-miR-1246	0.0026168477386562922E0	0.009113849020837431E0	2353.336889938692E0	11.200492147788534E0	2353.336889938692E0	844.6013696639673E0	0.35889522327533996E0
hsa-miR-27a-5p	0.002798590930125136E0	0.009691120592319042E0	4.349210908401717E0	2.120753671811272E0	4.349210908401717E0	1924.85907615316E0	442.5766227976951E0
hsa-miR-6724-5p	0.0029636291429427316E0	0.010165586705358571E0	70501.02325153725E0	16.105356576482233E0	70501.02325153725E0	705.0102338518303E0	0.010000000000104592E0
hsa-miR-423-3p	0.002969156512951266E0	0.010165586705358571E0	16.97100665016302E0	4.085000237029303E0	16.97100665016302E0	6540.409889368671E0	385.3872678895241E0
hsa-miR-15b-5p	0.0032400391975123365E0	0.011030695245463348E0	0.26730566472423517E0	-1.9034376834830782E0	-3.7410355707637026E0	2202.2429522861557E0	8238.669221801798E0
hsa-miR-1306-5p	0.0035589754876650913E0	0.012048822042039359E0	9.296681235342492E0	3.2167157893578056E0	9.296681235342492E0	47.32310691417293E0	5.090322632172189E0
hsa-miR-139-3p	0.003605710492710716E0	0.012139225325459411E0	22.964318052227128E0	4.521322036849093E0	22.964318052227128E0	125.78692094939751E0	5.477494284687765E0
hsa-miR-484	0.003645100140692132E0	0.012204036935134983E0	63.31005549936094E0	5.984362755155987E0	63.31005549936094E0	469.61879174615655E0	7.417759907380457E0
hsa-miR-18a-3p	0.0037888708596686815E0	0.012615690884391325E0	6.916342459506707E0	2.7900093051282773E0	6.916342459506707E0	397.0254400368866E0	57.40395913471616E0
hsa-miR-31-5p	0.004118932753939973E0	0.01356561548308491E0	7847.381391656323E0	12.937995603185962E0	7847.381391656323E0	78.47381403522459E0	0.009999999999976694E0
hsa-miR-378a-3p	0.004175810083199762E0	0.013678599515778678E0	3.6325577814296124E0	1.8609857463285808E0	3.6325577814296124E0	1264.8237642851207E0	348.19095527554646E0
hsa-miR-223-3p	0.0043953740024939405E0	0.014320412072641548E0	611.8849664061503E0	9.257116643355415E0	611.8849664061503E0	409.66556243443506E0	0.6695140173105756E0
hsa-miR-125a-3p	0.004844855658359068E0	0.015700441331366822E0	6.864784767265213E0	2.779214488024688E0	6.864784767265213E0	790.5186026782004E0	115.15562821293759E0
hsa-miR-29a-3p	0.005123490036329808E0	0.016515079585190762E0	0.2928731510658573E0	-1.771652153631776E0	-3.4144475052106555E0	32112.247496084412E0	109645.58337245074E0
hsa-miR-340-5p	0.0056583827990577895E0	0.01814139526153038E0	0.17523261707238982E0	-2.512656757683073E0	-5.706700137833889E0	555.1271605725265E0	3167.9442446863177E0
hsa-miR-874-5p	0.005687896204110185E0	0.01814139526153038E0	83.8984902971263E0	6.390572945356451E0	83.8984902971263E0	140.77522827732787E0	1.6779232578973335E0
hsa-miR-185-3p	0.006243110454094844E0	0.019807983953829714E0	305.44993062278905E0	8.254792102511857E0	305.44993062278905E0	109.62452115627622E0	0.3588952232754963E0
hsa-miR-146a-5p	0.0067871246908730734E0	0.02142186230556814E0	6.365197326439639E0	2.6702052395725357E0	6.365197326439639E0	538.9647607794054E0	84.67369241990434E0
hsa-miR-221-3p	0.007251076418243073E0	0.02276762854640053E0	2.9266590139243895E0	1.5492546666290785E0	2.9266590139243895E0	96753.44073040537E0	33059.348647221355E0
hsa-miR-485-5p	0.007515088163708962E0	0.023474966119626964E0	18.93959561792259E0	4.243333622829574E0	18.93959561792259E0	109.62452115627622E0	5.788113078723171E0
hsa-miR-193b-5p	0.007784463041065355E0	0.024191715912233874E0	6.235238615904808E0	2.6404447715056945E0	6.235238615904808E0	363.5265479854531E0	58.301946447697276E0
hsa-miR-27b-5p	0.0079215840225309E0	0.02449224447782513E0	6.949837134843751E0	2.796979169561849E0	6.949837134843751E0	189.26242765669173E0	27.232642135718578E0
hsa-miR-135b-5p	0.008831238191014E0	0.027166143876926313E0	2.3544031238511282E-4	-12.052351017971645E0	-4247.360997229254E0	0.010000000000005116E0	42.4736100322351E0
hsa-miR-105-3p	0.009423392451442716E0	0.0287101161249514E0	12.8183990483112E0	3.680144182952442E0	12.8183990483112E0	79.6479065004155E0	6.213561160478818E0
hsa-miR-424-5p	0.009465700405224296E0	0.0287101161249514E0	0.44008786081088513E0	-1.1841365172686766E0	-2.272273536828412E0	555.1271605725267E0	1261.4007567184894E0
hsa-miR-628-3p	0.009475285849818944E0	0.0287101161249514E0	10.52031701800259E0	3.3951062741762392E0	10.52031701800259E0	79.6479065004155E0	7.570865624340726E0
hsa-miR-130b-3p	0.009531538293092912E0	0.028736876644847288E0	0.3792753673832509E0	-1.398682418240756E0	-2.6366067664750767E0	886.3189089717373E0	2336.874433032287E0
hsa-miR-22-3p	0.010114296383562642E0	0.03034288915068793E0	2.6396577959597916E0	1.4003509113747645E0	2.6396577959597916E0	1721.7924336337287E0	652.2786536902017E0
hsa-miR-328-3p	0.010473881180865778E0	0.03126685712120523E0	10.450095496926734E0	3.3854442211469276E0	10.450095496926734E0	330.0276559340196E0	31.581305252214577E0
hsa-miR-193a-5p	0.010715933050994627E0	0.031832624651484044E0	7.123394395436412E0	2.8325648690730163E0	7.123394395436412E0	835.4835246619914E0	117.28727598183059E0
hsa-miR-33b-3p	0.011053058169488246E0	0.032673918296145736E0	7.772652145314438E0	2.9584069517905056E0	7.772652145314438E0	79.6479065004155E0	10.2471981228245E0
hsa-miR-671-3p	0.01215827016833796E0	0.03564013308816766E0	17.79238401139683E0	4.1531879259525635E0	17.79238401139683E0	407.31737750405324E0	22.892793739452316E0
hsa-miR-143-3p	0.01217410486675034E0	0.03564013308816766E0	93.16263124596712E0	6.541679481880324E0	93.16263124596712E0	481.35971639806576E0	5.166875490652387E0
hsa-miR-105-5p	0.012291697953034484E0	0.03581138922855239E0	4.480286431908863E0	2.163590969042887E0	4.480286431908863E0	395.85134757169567E0	88.35402679885976E0
hsa-miR-125b-1-3p	0.012575066350364771E0	0.03646167563789977E0	9.669822017851795E0	3.273489335790467E0	9.669822017851795E0	3781.2613810187104E0	391.0373296001835E0
hsa-miR-324-5p	0.01378773219942799E0	0.039787455775492205E0	4.163323698208109E0	2.0577357323058E0	4.163323698208109E0	315.0393486060892E0	75.67015475299206E0
hsa-miR-3689f	0.014649786968563021E0	0.04207474361587294E0	3.9513283839486637E0	1.9823377496836794E0	3.9513283839486637E0	3655.135051762777E0	925.0395552449545E0
hsa-miR-425-3p	0.014727345262545403E0	0.042097977495766575E0	2.1088835879939083E0	1.076479459446822E0	2.1088835879939083E0	507.8140536583537E0	240.7975748331504E0
hsa-miR-590-5p	0.016835059867941083E0	0.04789693089188872E0	2.3775601657163935E-5	-15.360158624546603E0	-42059.92405238189E0	0.009999999999990905E0	420.59924127966065E0
hsa-miR-2355-3p	0.017290712355418885E0	0.0489634190999245E0	3.7962758361999236E0	1.9245848219322592E0	3.7962758361999236E0	63.48550670729422E0	16.72310164809869E0
hsa-miR-1270	0.01838156152264481E0	0.05181035480336165E0	2.900143948780992E0	1.536124510253463E0	2.900143948780992E0	159.285813000831E0	54.923416142547666E0
hsa-let-7g-5p	0.018646647034256603E0	0.05231420417944214E0	0.3772352159022735E0	-1.4064637332007883E0	-2.6508659792225227E0	3515.5439159506404E0	9319.235766790523E0
hsa-miR-3621	0.023133287398737132E0	0.06460263669877743E0	131.8220806546713E0	7.042448236773793E0	131.8220806546713E0	568.9413754352661E0	4.315979327140894E0
hsa-miR-942-5p	0.02359973192118822E0	0.0653033677819181E0	3.1943920810341377E0	1.6755414006163623E0	3.1943920810341377E0	634.7650670729422E0	198.7123217332014E0
hsa-miR-3613-5p	0.02398210101588076E0	0.06605978734374428E0	6.481949398384878E-5	-13.913212716197618E0	-15427.457675759892E0	0.010000000000019327E0	154.27457700914832E0
hsa-miR-493-3p	0.024739628536696433E0	0.06783807643999112E0	0.28224528729147025E0	-1.8249786026684907E0	-3.543017527755267E0	111.97270608665809E0	396.72126037996657E0
hsa-miR-199a-3p	0.025129473294322965E0	0.06859667034396269E0	4.078769086011905E0	2.028133833216386E0	4.078769086011905E0	303.57331867373165E0	74.42767957685186E0
hsa-miR-589-5p	0.02559090964837868E0	0.06954301007586314E0	3.722993750779202E0	1.8964631945597128E0	3.722993750779202E0	460.5009467441808E0	123.69103400873945E0
hsa-miR-767-3p	0.025945758886308127E0	0.07019254412992289E0	3.8729164077794387E0	1.9534203628732225E0	3.8729164077794387E0	79.6479065004155E0	20.565356464244005E0
hsa-miR-99b-3p	0.029788256521279304E0	0.07902189348361743E0	3.041015812554709E0	1.6045533180572844E0	3.041015812554709E0	910.6999560211949E0	299.4722855732483E0
hsa-miR-219b-3p	0.029861408593644213E0	0.07902189348361743E0	0.002237594476637644E0	-8.803835686933644E0	-446.90850394959205E0	0.009999999999999787E0	4.46908504410133E0
hsa-miR-337-3p	0.03098824696566092E0	0.08164729417908921E0	1.3563020551078734E-4	-12.848033870044096E0	-7372.9889019482835E0	0.009999999999990905E0	73.72988913029931E0
hsa-miR-301b-3p	0.0317463588807861E0	0.08328265576517911E0	1.3570065369034103E-4	-12.847284709098195E0	-7369.161259030681E0	0.009999999999990905E0	73.69161270105924E0
hsa-miR-23a-3p	0.031946141769941865E0	0.08344552548527918E0	2.591292636005277E0	1.37367194900853E0	2.591292636005277E0	6436.9407252579E0	2484.0655334651947E0
hsa-miR-23b-3p	0.03246824307907384E0	0.08444530174214054E0	3.227824727857098E0	1.6905622418385682E0	3.227824727857098E0	2998.0722278512076E0	928.8212589065515E0
hsa-miR-3928-3p	0.03270803192818983E0	0.08470541601915828E0	7.601288925939224E0	2.9262440724239456E0	7.601288925939224E0	78.47381403522459E0	10.323750981304627E0
hsa-miR-148a-5p	0.03348853073717023E0	0.0863576579860645E0	8.052926943493977E0	3.0095132452613984E0	8.052926943493977E0	188.0883351915008E0	23.356518250448033E0
hsa-miR-4454	0.03366952639704099E0	0.08645649574833406E0	16.946716276774396E0	4.082933847885453E0	16.946716276774396E0	140.77522827732787E0	8.306932500131694E0
hsa-miR-4492	0.03441337796380789E0	0.0879132268599994E0	356.4278025573896E0	8.477466066048837E0	356.4278025573896E0	1427.6218546815244E0	4.005360533105431E0
hsa-miR-1185-1-3p	0.03452697688561033E0	0.0879132268599994E0	7.004496239427676E-5	-13.801359178100984E0	-14276.544177025757E0	0.010000000000019327E0	142.76544200117175E0
hsa-miR-188-5p	0.03910367761537096E0	0.09914991060633808E0	2.310203514625019E-4	-12.079692429809722E0	-4328.622970527837E0	0.010000000000005116E0	43.28622976650629E0
hsa-miR-1292-5p	0.04094408212734419E0	0.1025293957403743E0	8.865477569771322E0	3.1481983490013556E0	8.865477569771322E0	78.47381403522459E0	8.851617229722507E0
hsa-miR-132-5p	0.04195698369946726E0	0.10463346552212821E0	5.487727200108177E0	2.4562087656154605E0	5.487727200108177E0	926.5874610947646E0	168.84721616812453E0
hsa-let-7i-5p	0.04486184724456486E0	0.11141917799264879E0	0.49519024584093263E0	-1.0139451979755525E0	-2.019425884089859E0	28821.612703639716E0	58203.110721851066E0
hsa-miR-30b-5p	0.04596020660245931E0	0.11354137781152028E0	0.4316699692471266E0	-1.2119993651300407E0	-2.3165845929567324E0	1294.8003789409813E0	2999.514609234756E0
hsa-miR-205-5p	0.046091054359131994E0	0.11354137781152028E0	24759.81730947415E0	14.59571304920308E0	24759.81730947415E0	8886.180176756056E0	0.3588952232767042E0
hsa-miR-624-5p	0.04710015010220842E0	0.11555745328719962E0	1.6092747314624668E-4	-12.601301739078966E0	-6213.979381203769E0	0.010000000000005116E0	62.13979390372777E0
hsa-miR-6821-5p	0.048837611783655414E0	0.1193370675036096E0	20307.664217945974E0	14.309736690331892E0	20307.664217945974E0	203.07664251943118E0	0.009999999999990905E0
